 Teff =  2700.00  logg =  3.34  mixLengthPara =  0.00  Abschluss =  8  beta =  2.20  pconv[bar] =  0.00
          18
 
             z             p             T          n<H>            He             H             C             N             O            Si            Mg            Al            Fe             S            Na             K            Ti            Ca            Li            Cl             V
  3.465801E-03  3.419600E+00  7.334200E+02  5.682767E+13  4.836819E+12  2.314126E+03  7.396008E-28  3.660792E-17  1.616999E-14  4.355810E-12  2.244245E+09  3.456647E-02  1.655318E+09  2.207569E-02  9.231599E+07  2.833605E+06  6.588900E-09  3.718817E+04  2.195107E-01  2.391251E-07  1.921121E-04
  1.039714E-02  3.419600E+00  7.334200E+02  5.682767E+13  4.836819E+12  2.314126E+03  7.396022E-28  3.660792E-17  1.616996E-14  4.355819E-12  2.244235E+09  3.456645E-02  1.655302E+09  2.207560E-02  9.231600E+07  2.833606E+06  6.588925E-09  3.718831E+04  2.195110E-01  2.391248E-07  1.921128E-04
  2.425981E-02  3.419600E+00  7.334200E+02  5.682767E+13  4.836819E+12  2.314126E+03  7.396051E-28  3.660792E-17  1.616989E-14  4.355835E-12  2.244216E+09  3.456642E-02  1.655269E+09  2.207542E-02  9.231602E+07  2.833610E+06  6.588975E-09  3.718857E+04  2.195115E-01  2.391242E-07  1.921143E-04
  5.198515E-02  3.419600E+00  7.334200E+02  5.682767E+13  4.836819E+12  2.314126E+03  7.396107E-28  3.660792E-17  1.616977E-14  4.355868E-12  2.244176E+09  3.456636E-02  1.655204E+09  2.207506E-02  9.231605E+07  2.833618E+06  6.589074E-09  3.718911E+04  2.195126E-01  2.391230E-07  1.921172E-04
  1.074358E-01  3.419600E+00  7.334200E+02  5.682767E+13  4.836819E+12  2.314126E+03  7.396220E-28  3.660792E-17  1.616953E-14  4.355933E-12  2.244098E+09  3.456623E-02  1.655072E+09  2.207435E-02  9.231611E+07  2.833633E+06  6.589274E-09  3.719019E+04  2.195148E-01  2.391207E-07  1.921230E-04
  2.183372E-01  3.419600E+00  7.334200E+02  5.682767E+13  4.836819E+12  2.314126E+03  7.396445E-28  3.660792E-17  1.616904E-14  4.356065E-12  2.243942E+09  3.456598E-02  1.654810E+09  2.207291E-02  9.231623E+07  2.833663E+06  6.589672E-09  3.719233E+04  2.195193E-01  2.391160E-07  1.921347E-04
  4.401399E-01  3.419600E+00  7.334200E+02  5.682767E+13  4.836819E+12  2.314126E+03  7.396896E-28  3.660792E-17  1.616805E-14  4.356327E-12  2.243629E+09  3.456547E-02  1.654285E+09  2.207004E-02  9.231647E+07  2.833723E+06  6.590468E-09  3.719663E+04  2.195281E-01  2.391065E-07  1.921581E-04
  8.837454E-01  3.419600E+00  7.334200E+02  5.682767E+13  4.836819E+12  2.314126E+03  7.397797E-28  3.660793E-17  1.616609E-14  4.356852E-12  2.243005E+09  3.456446E-02  1.653237E+09  2.206431E-02  9.231694E+07  2.833842E+06  6.592060E-09  3.720521E+04  2.195458E-01  2.390877E-07  1.922047E-04
  1.770956E+00  3.419600E+00  7.334200E+02  5.682767E+13  4.836820E+12  2.314126E+03  7.399596E-28  3.660793E-17  1.616218E-14  4.357899E-12  2.241758E+09  3.456242E-02  1.651147E+09  2.205286E-02  9.231790E+07  2.834081E+06  6.595238E-09  3.722235E+04  2.195811E-01  2.390501E-07  1.922978E-04
  3.545378E+00  3.419601E+00  7.334200E+02  5.682768E+13  4.836820E+12  2.314127E+03  7.403179E-28  3.660795E-17  1.615440E-14  4.359985E-12  2.239274E+09  3.455835E-02  1.646989E+09  2.203005E-02  9.231980E+07  2.834557E+06  6.601572E-09  3.725650E+04  2.196514E-01  2.389752E-07  1.924835E-04
  7.094222E+00  3.419602E+00  7.334200E+02  5.682770E+13  4.836822E+12  2.314129E+03  7.410295E-28  3.660799E-17  1.613895E-14  4.364127E-12  2.234338E+09  3.455018E-02  1.638760E+09  2.198478E-02  9.232357E+07  2.835502E+06  6.614159E-09  3.732434E+04  2.197910E-01  2.388266E-07  1.928524E-04
  1.419191E+01  3.419604E+00  7.334200E+02  5.682773E+13  4.836824E+12  2.314132E+03  7.424327E-28  3.660805E-17  1.610859E-14  4.372295E-12  2.224599E+09  3.453375E-02  1.622636E+09  2.189553E-02  9.233100E+07  2.837362E+06  6.639011E-09  3.745825E+04  2.200661E-01  2.385344E-07  1.935809E-04
  2.838729E+01  3.419608E+00  7.334201E+02  5.682780E+13  4.836830E+12  2.314139E+03  7.451638E-28  3.660819E-17  1.604983E-14  4.388189E-12  2.205618E+09  3.450052E-02  1.591642E+09  2.172193E-02  9.234539E+07  2.840974E+06  6.687508E-09  3.771935E+04  2.206012E-01  2.379680E-07  1.950026E-04
  3.634505E+01  3.419610E+00  7.334201E+02  5.682783E+13  4.836833E+12  2.314142E+03  7.466538E-28  3.660827E-17  1.601796E-14  4.396859E-12  2.195249E+09  3.448170E-02  1.574947E+09  2.162728E-02  9.235321E+07  2.842941E+06  6.714038E-09  3.786206E+04  2.208930E-01  2.376603E-07  1.957804E-04
  5.226058E+01  3.419615E+00  7.334201E+02  5.682790E+13  4.836839E+12  2.314150E+03  7.495527E-28  3.660842E-17  1.595631E-14  4.413724E-12  2.175048E+09  3.444366E-02  1.542891E+09  2.144324E-02  9.236836E+07  2.846756E+06  6.765796E-09  3.814023E+04  2.214602E-01  2.370645E-07  1.972981E-04
  8.409164E+01  3.419624E+00  7.334202E+02  5.682805E+13  4.836851E+12  2.314164E+03  7.550609E-28  3.660873E-17  1.584048E-14  4.445759E-12  2.136570E+09  3.436614E-02  1.483499E+09  2.109380E-02  9.239694E+07  2.853971E+06  6.864661E-09  3.867066E+04  2.225364E-01  2.359424E-07  2.001979E-04
  1.477538E+02  3.419642E+00  7.334203E+02  5.682833E+13  4.836876E+12  2.314191E+03  7.651301E-28  3.660934E-17  1.563310E-14  4.504281E-12  2.065940E+09  3.420623E-02  1.379875E+09  2.045555E-02  9.244841E+07  2.867039E+06  7.047133E-09  3.964636E+04  2.244978E-01  2.339249E-07  2.055527E-04
  2.629011E+02  3.419674E+00  7.334206E+02  5.682885E+13  4.836920E+12  2.314239E+03  7.809853E-28  3.661044E-17  1.531750E-14  4.596320E-12  1.954086E+09  3.390465E-02  1.228834E+09  1.945015E-02  9.252749E+07  2.887293E+06  7.338996E-09  4.119742E+04  2.275696E-01  2.308351E-07  2.141258E-04
  4.931957E+02  3.419739E+00  7.334210E+02  5.682989E+13  4.837008E+12  2.314331E+03  8.068060E-28  3.661266E-17  1.483038E-14  4.745869E-12  1.770760E+09  3.327304E-02  1.011402E+09  1.780578E-02  9.265118E+07  2.919396E+06  7.825974E-09  4.375572E+04  2.325192E-01  2.260292E-07  2.284565E-04
  9.537849E+02  3.419868E+00  7.334220E+02  5.683197E+13  4.837185E+12  2.314504E+03  8.449797E-28  3.661708E-17  1.416561E-14  4.965945E-12  1.498789E+09  3.197765E-02  7.452640E+08  1.534514E-02  9.282255E+07  2.964673E+06  8.571371E-09  4.758199E+04  2.396755E-01  2.194381E-07  2.504756E-04
  1.874963E+03  3.420127E+00  7.334240E+02  5.683613E+13  4.837539E+12  2.314832E+03  8.956318E-28  3.662594E-17  1.337323E-14  5.255216E-12  1.150159E+09  2.954885E-02  4.875694E+08  1.274649E-02  9.302797E+07  3.019919E+06  9.603317E-09  5.261745E+04  2.487055E-01  2.116902E-07  2.812054E-04
  2.127921E+03  3.420199E+00  7.334245E+02  5.683727E+13  4.837636E+12  2.314920E+03  9.063574E-28  3.662837E-17  1.321722E-14  5.315915E-12  1.081180E+09  2.894421E-02  4.464239E+08  1.243238E-02  9.306799E+07  3.030756E+06  9.827481E-09  5.365466E+04  2.505183E-01  2.102088E-07  2.879307E-04
  2.633836E+03  3.420341E+00  7.334256E+02  5.683955E+13  4.837830E+12  2.315095E+03  9.248732E-28  3.663324E-17  1.295691E-14  5.420024E-12  9.652858E+08  2.780966E-02  3.819097E+08  1.194593E-02  9.313385E+07  3.048575E+06  1.021826E-08  5.539611E+04  2.535313E-01  2.078026E-07  2.997155E-04
  3.645666E+03  3.420626E+00  7.334277E+02  5.684412E+13  4.838219E+12  2.315439E+03  9.535473E-28  3.664297E-17  1.257535E-14  5.578991E-12  7.945505E+08  2.581504E-02  2.961229E+08  1.131649E-02  9.322667E+07  3.073435E+06  1.083071E-08  5.790000E+04  2.578092E-01  2.045147E-07  3.183912E-04
  5.669327E+03  3.421195E+00  7.334320E+02  5.685325E+13  4.838997E+12  2.316120E+03  9.914421E-28  3.666244E-17  1.210968E-14  5.783538E-12  5.867598E+08  2.268563E-02  2.040145E+08  1.068523E-02  9.332642E+07  3.098739E+06  1.164324E-08  6.052667E+04  2.622870E-01  2.012953E-07  3.438096E-04
  6.598414E+03  3.421457E+00  7.334339E+02  5.685745E+13  4.839353E+12  2.316430E+03  1.003758E-27  3.667138E-17  1.196776E-14  5.848017E-12  5.237477E+08  2.153389E-02  1.785554E+08  1.051769E-02  9.335078E+07  3.104136E+06  1.190401E-08  6.108917E+04  2.632775E-01  2.006522E-07  3.522288E-04
  8.456587E+03  3.421980E+00  7.334379E+02  5.686583E+13  4.840067E+12  2.317049E+03  1.022791E-27  3.668927E-17  1.175800E-14  5.944954E-12  4.311722E+08  1.961043E-02  1.429743E+08  1.028979E-02  9.337667E+07  3.108196E+06  1.229759E-08  6.149011E+04  2.640853E-01  2.002554E-07  3.653586E-04
  1.217293E+04  3.423026E+00  7.334457E+02  5.688262E+13  4.841496E+12  2.318283E+03  1.048835E-27  3.672508E-17  1.149110E-14  6.068176E-12  3.184921E+08  1.679801E-02  1.022214E+08  1.007083E-02  9.337926E+07  3.101784E+06  1.280364E-08  6.071520E+04  2.631568E-01  2.013760E-07  3.834749E-04
  1.960563E+04  3.425119E+00  7.334614E+02  5.691619E+13  4.844354E+12  2.320747E+03  1.080545E-27  3.679680E-17  1.120232E-14  6.195528E-12  2.092711E+08  1.334910E-02  6.512467E+07  9.975907E-03  9.329619E+07  3.063440E+06  1.332674E-08  5.655615E+04  2.569287E-01  2.070705E-07  4.055028E-04
  3.447102E+04  3.429310E+00  7.334928E+02  5.698341E+13  4.850074E+12  2.325673E+03  1.117852E-27  3.694065E-17  1.092246E-14  6.300880E-12  1.243101E+08  9.858847E-03  3.799160E+07  1.006346E-02  9.297413E+07  2.947067E+06  1.373514E-08  4.553361E+04  2.385897E-01  2.246960E-07  4.307963E-04
  6.420180E+04  3.437707E+00  7.335555E+02  5.711807E+13  4.861536E+12  2.335549E+03  1.169853E-27  3.723002E-17  1.061918E-14  6.374461E-12  6.888425E+07  6.923968E-03  2.095319E+07  1.047904E-02  9.181972E+07  2.622190E+06  1.401863E-08  2.377544E+04  1.934559E-01  2.813741E-07  4.648781E-04
  1.236634E+05  3.454562E+00  7.336811E+02  5.738836E+13  4.884542E+12  2.355416E+03  1.254492E-27  3.781544E-17  1.025261E-14  6.413874E-12  3.689748E+07  4.816203E-03  1.133855E+07  1.133103E-02  8.783331E+07  1.904437E+06  1.511761E-08  2.398798E+03  1.175670E-01  4.758458E-07  5.188813E-04
  2.425865E+05  3.488520E+00  7.339321E+02  5.793278E+13  4.930879E+12  2.395630E+03  1.395746E-27  3.901350E-17  9.879186E-15  6.353968E-12  1.982525E+07  3.474262E-03  6.253041E+06  1.265587E-02  8.792487E+07  1.834084E+06  1.653465E-08  1.250469E+03  1.114314E-01  5.212661E-07  6.049433E-04
  3.195725E+05  3.510682E+00  7.340946E+02  5.828796E+13  4.961110E+12  2.422013E+03  1.467597E-27  3.980886E-17  9.828780E-15  6.260972E-12  1.572535E+07  3.095798E-03  5.130103E+06  1.306583E-02  8.835156E+07  1.833049E+06  1.693155E-08  1.107893E+03  1.113103E-01  5.343289E-07  6.433276E-04
  4.735446E+05  3.555427E+00  7.344197E+02  5.900488E+13  5.022130E+12  2.475625E+03  1.590184E-27  4.144762E-17  9.926702E-15  6.068721E-12  1.170512E+07  2.679831E-03  4.071006E+06  1.352950E-02  8.930278E+07  1.841538E+06  1.736102E-08  9.496227E+02  1.119465E-01  5.568529E-07  6.987924E-04
  7.249784E+05  3.629726E+00  7.349505E+02  6.019460E+13  5.123391E+12  2.565652E+03  1.773723E-27  4.426709E-17  1.030945E-14  5.828686E-12  9.075439E+06  2.377103E-03  3.329702E+06  1.416403E-02  9.098789E+07  1.867952E+06  1.786203E-08  8.315137E+02  1.140327E-01  5.900296E-07  7.658242E-04
  1.227846E+06  3.783013E+00  7.360121E+02  6.264648E+13  5.332081E+12  2.755336E+03  2.147676E-27  5.048229E-17  1.141965E-14  5.704204E-12  7.359935E+06  2.187485E-03  2.804474E+06  1.530243E-02  9.458424E+07  1.936534E+06  1.893746E-08  7.468033E+02  1.195465E-01  6.552413E-07  8.715877E-04
  2.233581E+06  4.109281E+00  7.381353E+02  6.785394E+13  5.775307E+12  3.176409E+03  3.079150E-27  6.559016E-17  1.429669E-14  6.285900E-12  6.654850E+06  2.253017E-03  2.583983E+06  1.764785E-02  1.023614E+08  2.098301E+06  2.219395E-08  7.387145E+02  1.328392E-01  7.982215E-07  1.081683E-03
  4.245051E+06  4.848544E+00  7.424020E+02  7.959941E+13  6.775008E+12  4.218040E+03  6.249654E-27  1.105315E-16  2.260386E-14  9.281542E-12  7.205674E+06  2.943988E-03  2.823798E+06  2.331269E-02  1.200460E+08  2.481693E+06  3.312606E-08  9.038562E+02  1.656707E-01  1.170499E-06  1.630046E-03
  4.739247E+06  5.046638E+00  7.439539E+02  8.268006E+13  7.037214E+12  4.627007E+03  7.916332E-27  1.321351E-16  2.665323E-14  9.939503E-12  6.879375E+06  3.056580E-03  2.708094E+06  2.578212E-02  1.246558E+08  2.582738E+06  3.572048E-08  9.217019E+02  1.756967E-01  1.345817E-06  1.855374E-03
  5.727639E+06  5.467435E+00  7.470579E+02  8.920366E+13  7.592463E+12  5.562677E+03  1.265436E-26  1.884610E-16  3.702772E-14  1.160241E-11  6.450778E+06  3.357316E-03  2.553903E+06  3.147408E-02  1.344312E+08  2.799205E+06  4.183064E-08  9.783903E+02  1.977441E-01  1.774327E-06  2.395319E-03
  7.704421E+06  6.417217E+00  7.532658E+02  1.038356E+14  8.837846E+12  8.011114E+03  3.197057E-26  3.803919E-16  7.099825E-14  1.627926E-11  5.944052E+06  4.170219E-03  2.369257E+06  4.663600E-02  1.563757E+08  3.291289E+06  5.789964E-08  1.139591E+03  2.506083E-01  3.058287E-06  3.963009E-03
  1.165799E+07  8.797859E+00  7.669394E+02  1.398206E+14  1.190066E+13  1.727675E+04  2.267731E-25  1.692460E-15  2.872920E-13  3.059891E-11  4.579863E+06  6.099283E-03  1.843838E+06  1.083472E-01  2.102535E+08  4.527208E+06  1.034290E-07  1.479497E+03  4.049376E-01  9.837423E-06  1.133216E-02
  1.623441E+07  1.258535E+01  7.850586E+02  1.953993E+14  1.663118E+13  4.492256E+04  2.629748E-24  1.105061E-14  1.695208E-12  1.223478E-11  5.897248E+05  1.810566E-03  2.403870E+05  3.159012E-01  2.925827E+08  6.422989E+06  3.733221E-08  3.850801E+02  7.017114E-01  4.419590E-05  4.150003E-02
  2.081084E+07  1.784694E+01  8.055121E+02  2.700576E+14  2.298563E+13  1.232511E+05  3.502112E-23  8.155325E-14  1.150017E-11  1.621853E-10  2.322184E+06  1.696778E-02  9.577718E+05  9.984417E-01  4.051177E+08  9.315068E+06  3.310643E-07  3.265591E+03  1.280256E+00  2.119939E-04  1.594727E-01
  2.297403E+07  2.098509E+01  8.157919E+02  3.135440E+14  2.668692E+13  2.001143E+05  1.217400E-22  2.136761E-13  2.901217E-11  7.514568E-10  5.980999E+06  6.626648E-02  2.477682E+06  1.743284E+00  4.726051E+08  1.128213E+07  1.430504E-06  1.221437E+04  1.749810E+00  4.396086E-04  3.039733E-01
  2.713042E+07  2.849208E+01  8.363166E+02  4.152472E+14  3.534327E+13  5.067695E+05  1.328563E-21  1.358081E-12  1.719940E-10  6.432698E-09  1.655625E+07  4.103085E-01  6.935947E+06  5.078615E+00  6.341000E+08  1.652245E+07  1.048086E-05  6.814989E+04  3.281505E+00  1.726879E-03  1.043097E+00
  2.918005E+07  3.300619E+01  8.465018E+02  4.752790E+14  4.045280E+13  7.906560E+05  4.167333E-21  3.290128E-12  4.030828E-10  1.464565E-08  2.198010E+07  8.028306E-01  9.275961E+06  8.453908E+00  7.300517E+08  1.981004E+07  2.222731E-05  1.245414E+05  4.437902E+00  3.320517E-03  1.879158E+00
  2.932012E+07  3.333960E+01  8.471979E+02  4.796850E+14  4.082782E+13  8.147913E+05  4.501876E-21  3.492721E-12  4.269299E-10  1.543912E-08  2.234337E+07  8.377372E-01  9.434689E+06  8.748973E+00  7.370915E+08  2.005351E+07  2.332914E-05  1.292857E+05  4.529021E+00  3.470806E-03  1.955387E+00
  2.960026E+07  3.401654E+01  8.485900E+02  4.886200E+14  4.158831E+13  8.651871E+05  5.251874E-21  3.935034E-12  4.788098E-10  1.713403E-08  2.306093E+07  9.109857E-01  9.749257E+06  9.368447E+00  7.513621E+08  2.054743E+07  2.567024E-05  1.391133E+05  4.716124E+00  3.791698E-03  2.116866E+00
  2.974263E+07  3.436583E+01  8.492975E+02  4.932246E+14  4.198022E+13  8.919257E+05  5.678696E-21  4.180293E-12  5.074762E-10  1.805310E-08  2.342055E+07  9.500105E-01  9.907471E+06  9.698879E+00  7.587132E+08  2.080200E+07  2.693330E-05  1.442807E+05  4.813731E+00  3.965789E-03  2.203774E+00
  3.002738E+07  3.507521E+01  8.507125E+02  5.025643E+14  4.277516E+13  9.477866E+05  6.636867E-21  4.716314E-12  5.699024E-10  2.001468E-08  2.412868E+07  1.031814E+00  1.022023E+07  1.039289E+01  7.736166E+08  2.131829E+07  2.961583E-05  1.549643E+05  5.014116E+00  4.337909E-03  2.387992E+00
  3.018117E+07  3.546441E+01  8.514767E+02  5.076820E+14  4.321075E+13  9.793294E+05  7.218554E-21  5.033094E-12  6.066619E-10  2.114592E-08  2.450474E+07  1.078139E+00  1.038704E+07  1.078686E+01  7.817787E+08  2.160112E+07  3.115543E-05  1.609282E+05  5.125256E+00  4.552985E-03  2.493554E+00
  3.048876E+07  3.625583E+01  8.530052E+02  5.180743E+14  4.409527E+13  1.045445E+06  8.535816E-21  5.730072E-12  6.872272E-10  2.356924E-08  2.524315E+07  1.175476E+00  1.071618E+07  1.161721E+01  7.983439E+08  2.217520E+07  3.443738E-05  1.732660E+05  5.353795E+00  5.015146E-03  2.718279E+00
  3.077659E+07  3.701241E+01  8.544356E+02  5.279919E+14  4.493940E+13  1.111155E+06  9.980441E-21  6.466969E-12  7.719878E-10  2.604429E-08  2.591790E+07  1.272476E+00  1.101900E+07  1.244818E+01  8.141410E+08  2.272272E+07  3.776908E-05  1.853130E+05  5.575399E+00  5.489360E-03  2.946092E+00
  3.092459E+07  3.740756E+01  8.551710E+02  5.331650E+14  4.537970E+13  1.146457E+06  1.081392E-20  6.881022E-12  8.194439E-10  2.740025E-08  2.625900E+07  1.324682E+00  1.117290E+07  1.289678E+01  8.223766E+08  2.300818E+07  3.958650E-05  1.916993E+05  5.692331E+00  5.750113E-03  3.070250E+00
  3.122058E+07  3.821054E+01  8.566419E+02  5.436637E+14  4.627328E+13  1.220296E+06  1.269069E-20  7.788066E-12  9.230205E-10  3.029381E-08  2.693023E+07  1.434082E+00  1.147750E+07  1.383970E+01  8.390824E+08  2.358729E+07  4.344783E-05  2.048725E+05  5.932451E+00  6.308726E-03  3.333785E+00
  3.142418E+07  3.877285E+01  8.576536E+02  5.510048E+14  4.689812E+13  1.273695E+06  1.416327E-20  8.478540E-12  1.001546E-09  3.243358E-08  2.738425E+07  1.513374E+00  1.168493E+07  1.452524E+01  8.507577E+08  2.399208E+07  4.628942E-05  2.142517E+05  6.102583E+00  6.723601E-03  3.527499E+00
  3.183138E+07  3.989566E+01  8.595930E+02  5.656923E+14  4.814822E+13  1.382759E+06  1.747867E-20  9.975674E-12  1.170675E-09  3.669935E-08  2.808246E+07  1.665704E+00  1.201292E+07  1.592738E+01  8.739692E+08  2.477998E+07  5.193655E-05  2.315644E+05  6.436417E+00  7.604434E-03  3.931474E+00
  3.264577E+07  4.222885E+01  8.634393E+02  5.961330E+14  5.073915E+13  1.626185E+06  2.646409E-20  1.374667E-11  1.592207E-09  4.656006E-08  2.935311E+07  2.000834E+00  1.262718E+07  1.908640E+01  9.219734E+08  2.640291E+07  6.485503E-05  2.678311E+05  7.143731E+00  9.703716E-03  4.868737E+00
  3.427454E+07  4.731258E+01  8.711319E+02  6.620170E+14  5.634678E+13  2.241112E+06  6.004145E-20  2.590171E-11  2.923665E-09  7.405611E-08  3.186889E+07  2.854041E+00  1.390365E+07  2.720328E+01  1.025749E+09  2.992239E+07  9.997720E-05  3.520255E+05  8.769675E+00  1.573188E-02  7.421031E+00
  3.753210E+07  5.927794E+01  8.860339E+02  8.154578E+14  6.940672E+13  4.128149E+06  2.838550E-19  8.610703E-11  9.242511E-09  1.754874E-07  3.681621E+07  5.467019E+00  1.672205E+07  5.239299E+01  1.266477E+09  3.805793E+07  2.223181E-04  5.612082E+05  1.292572E+01  3.955013E-02  1.647388E+01
  4.210853E+07  8.085455E+01  9.055084E+02  1.088330E+15  9.263188E+13  9.018503E+06  2.042285E-18  3.951587E-10  3.953542E-08  5.046232E-07  4.311793E+07  1.184214E+01  2.103657E+07  1.163085E+02  1.691170E+09  5.217237E+07  5.849277E-04  9.136227E+05  2.113421E+01  1.289144E-01  4.539114E+01
  4.668495E+07  1.095634E+02  9.245411E+02  1.444373E+15  1.229361E+14  1.887256E+07  1.315612E-17  1.657151E-09  1.539605E-07  1.311442E-06  4.836849E+07  2.351830E+01  2.497561E+07  2.459058E+02  2.241784E+09  7.035888E+07  1.402992E-03  1.322623E+06  3.339150E+01  3.960682E-01  1.187275E+02
  4.938607E+07  1.305587E+02  9.357910E+02  1.700572E+15  1.447422E+14  2.881336E+07  3.834975E-17  3.765160E-09  3.340589E-07  2.251260E-06  5.129908E+07  3.466255E+01  2.706133E+07  3.813783E+02  2.637029E+09  8.349907E+07  2.310061E-03  1.593181E+06  4.334544E+01  7.542066E-01  2.068196E+02
  5.396250E+07  1.751654E+02  9.551680E+02  2.235298E+15  1.902547E+14  5.838113E+07  2.292624E-16  1.480123E-08  1.211457E-06  5.495202E-06  5.604665E+07  6.569794E+01  3.033570E+07  8.019857E+02  3.460944E+09  1.112104E+08  5.270631E-03  2.084149E+06  6.704573E+01  2.206926E+00  5.233341E+02
  5.853892E+07  2.336722E+02  9.751257E+02  2.920803E+15  2.486006E+14  1.171841E+08  1.340557E-15  5.719726E-08  4.323184E-06  1.310224E-05  6.041569E+07  1.222108E+02  3.356456E+07  1.673461E+03  4.518611E+09  1.477008E+08  1.172212E-02  2.582611E+06  1.035442E+02  6.337142E+00  1.300822E+03
  6.311535E+07  3.099103E+02  9.954606E+02  3.794493E+15  3.229637E+14  2.316382E+08  7.525727E-15  2.144966E-07  1.501938E-05  3.085491E-05  6.576690E+07  2.256718E+02  3.807936E+07  3.388484E+03  5.875543E+09  1.965046E+08  2.560164E-02  3.107894E+06  1.608499E+02  1.749709E+01  3.133863E+03
  6.529921E+07  3.535409E+02  1.004767E+03  4.288849E+15  3.650403E+14  3.145028E+08  1.627827E-14  3.870299E-07  2.614023E-05  4.469283E-05  6.783734E+07  2.926955E+02  4.037802E+07  4.610024E+03  6.646915E+09  2.249490E+08  3.579020E-02  3.313355E+06  1.977027E+02  2.734602E+01  4.636904E+03
  6.966693E+07  4.594552E+02  1.023136E+03  5.473401E+15  4.658620E+14  5.683441E+08  7.217078E-14  1.207578E-06  7.585928E-05  9.102381E-05  7.259262E+07  4.820366E+02  4.639701E+07  8.408568E+03  8.510108E+09  2.961823E+08  6.797738E-02  3.782029E+06  3.006385E+02  6.353413E+01  9.843413E+03
  7.158646E+07  5.143399E+02  1.030733E+03  6.082311E+15  5.176886E+14  7.240876E+08  1.324853E-13  1.917428E-06  1.165833E-04  1.215963E-04  7.501659E+07  5.901400E+02  4.972303E+07  1.085517E+04  9.474528E+09  3.341447E+08  8.825672E-02  4.062917E+06  3.605668E+02  8.874067E+01  1.339167E+04
  7.476552E+07  6.200325E+02  1.043316E+03  7.243359E+15  6.165098E+14  1.074897E+09  3.561462E-13  4.070011E-06  2.345450E-04  1.953672E-04  7.920583E+07  8.204070E+02  5.681346E+07  1.677283E+04  1.132292E+10  4.086779E+08  1.347458E-01  4.496601E+06  4.886420E+02  1.518504E+02  2.203237E+04
  7.713219E+07  7.106651E+02  1.051933E+03  8.234462E+15  7.008664E+14  1.408992E+09  6.970474E-13  6.781930E-06  3.761141E-04  2.693474E-04  8.143794E+07  1.012637E+03  6.359664E+07  2.258231E+04  1.290489E+10  4.732989E+08  1.773356E-01  4.745445E+06  6.072029E+02  2.172398E+02  3.085839E+04
  7.839765E+07  7.643297E+02  1.056499E+03  8.818028E+15  7.505359E+14  1.624469E+09  9.879133E-13  8.865120E-06  4.834684E-04  3.210243E-04  8.202188E+07  1.125767E+03  6.909368E+07  2.604460E+04  1.383937E+10  5.120423E+08  2.032632E-01  4.888791E+06  6.821636E+02  2.616325E+02  3.656178E+04
  7.890634E+07  7.870270E+02  1.058335E+03  9.064104E+15  7.714804E+14  1.719655E+09  1.135125E-12  9.867365E-06  5.348112E-04  3.446564E-04  8.217681E+07  1.173824E+03  7.168634E+07  2.756244E+04  1.423404E+10  5.285275E+08  2.144358E-01  4.945330E+06  7.149378E+02  2.817362E+02  3.908336E+04
  7.992371E+07  8.344637E+02  1.062006E+03  9.577047E+15  8.151389E+14  1.926229E+09  1.495833E-12  1.221278E-05  6.542159E-04  3.973811E-04  8.238910E+07  1.274965E+03  7.745182E+07  3.089726E+04  1.505783E+10  5.631547E+08  2.382573E-01  5.052774E+06  7.854424E+02  3.263088E+02  4.457417E+04
  8.136031E+07  9.060208E+02  1.067081E+03  1.034861E+16  8.808096E+14  2.252663E+09  2.185081E-12  1.637705E-05  8.636252E-04  4.840480E-04  8.250580E+07  1.426025E+03  8.674715E+07  3.631487E+04  1.629863E+10  6.156688E+08  2.747763E-01  5.185274E+06  8.958658E+02  3.988558E+02  5.332518E+04
  8.414734E+07  1.060252E+03  1.076218E+03  1.200785E+16  1.022034E+15  2.991552E+09  4.319621E-12  2.773499E-05  1.418560E-03  6.893815E-04  8.229633E+07  1.729501E+03  1.072279E+08  4.939813E+04  1.896872E+10  7.292282E+08  3.526762E-01  5.353645E+06  1.144817E+03  5.694712E+02  7.365682E+04
  8.872376E+07  1.370339E+03  1.091031E+03  1.530881E+16  1.302991E+15  4.707582E+09  1.286644E-11  6.417263E-05  3.104321E-03  1.209390E-03  8.307013E+07  2.377516E+03  1.463274E+08  8.673705E+04  2.430630E+10  9.617543E+08  5.323036E-01  5.434958E+06  1.710182E+03  9.958078E+02  1.241360E+05
  9.122062E+07  1.573529E+03  1.098907E+03  1.745289E+16  1.485482E+15  5.974907E+09  2.297750E-11  9.955203E-05  4.634821E-03  1.622094E-03  8.532553E+07  2.845384E+03  1.673895E+08  1.197051E+05  2.778805E+10  1.116667E+09  6.724502E-01  5.696394E+06  2.123570E+03  1.328044E+03  1.653050E+05
  9.416704E+07  1.851118E+03  1.108172E+03  2.035968E+16  1.732889E+15  7.883968E+09  4.535564E-11  1.657398E-04  7.328488E-03  2.281273E-03  8.963359E+07  3.540012E+03  1.914702E+08  1.752573E+05  3.252355E+10  1.330844E+09  8.942018E-01  6.096986E+06  2.740531E+03  1.849636E+03  2.327711E+05
  9.471894E+07  1.907527E+03  1.109891E+03  2.094781E+16  1.782948E+15  8.296616E+09  5.142650E-11  1.820227E-04  7.967546E-03  2.432137E-03  9.069812E+07  3.692318E+03  1.960947E+08  1.878844E+05  3.348362E+10  1.374716E+09  9.444332E-01  6.183486E+06  2.873170E+03  1.965164E+03  2.480771E+05
  9.582275E+07  2.025555E+03  1.113329E+03  2.217553E+16  1.887444E+15  9.184722E+09  6.607866E-11  2.193831E-04  9.407102E-03  2.764074E-03  9.296681E+07  4.017719E+03  2.054158E+08  2.156591E+05  3.548950E+10  1.466793E+09  1.053835E+00  6.361813E+06  3.158021E+03  2.216643E+03  2.817723E+05
  9.803037E+07  2.283970E+03  1.120203E+03  2.485106E+16  2.115168E+15  1.124123E+10  1.088255E-10  3.177572E-04  1.305941E-02  3.570123E-03  9.803854E+07  4.759446E+03  2.245369E+08  2.824000E+05  3.986821E+10  1.669585E+09  1.312917E+00  6.740413E+06  3.815089E+03  2.811957E+03  3.632881E+05
  9.845282E+07  2.337055E+03  1.121519E+03  2.539870E+16  2.161780E+15  1.168200E+10  1.196775E-10  3.409518E-04  1.389736E-02  3.749605E-03  9.908824E+07  4.916462E+03  2.282949E+08  2.970458E+05  4.076560E+10  1.711427E+09  1.369355E+00  6.816336E+06  3.955558E+03  2.941629E+03  3.813263E+05
  9.926565E+07  2.442693E+03  1.124050E+03  2.648660E+16  2.254376E+15  1.257703E+10  1.436205E-10  3.902983E-04  1.565819E-02  4.121851E-03  1.011446E+08  5.232679E+03  2.357451E+08  3.270304E+05  4.254935E+10  1.794858E+09  1.484509E+00  6.965549E+06  4.240481E+03  3.206951E+03  4.184209E+05
  1.008913E+08  2.665811E+03  1.129245E+03  2.877322E+16  2.448998E+15  1.459979E+10  2.078631E-10  5.134155E-04  1.995530E-02  5.019871E-03  1.060298E+08  5.973936E+03  2.518116E+08  3.966671E+05  4.630889E+10  1.972952E+09  1.757346E+00  7.306767E+06  4.878930E+03  3.819516E+03  5.044350E+05
  1.034487E+08  3.055962E+03  1.137537E+03  3.274447E+16  2.787007E+15  1.845964E+10  3.721163E-10  7.906722E-04  2.923854E-02  6.908488E-03  1.149908E+08  7.405239E+03  2.798621E+08  5.333336E+05  5.285753E+10  2.287720E+09  2.303199E+00  7.915964E+06  6.088724E+03  5.023145E+03  6.758202E+05
  1.052429E+08  3.363296E+03  1.143355E+03  3.585353E+16  3.051630E+15  2.173014E+10  5.578732E-10  1.067050E-03  3.808786E-02  8.663561E-03  1.220661E+08  8.607684E+03  3.011676E+08  6.511749E+05  5.799471E+10  2.537326E+09  2.782319E+00  8.382228E+06  7.110968E+03  6.068807E+03  8.278139E+05
  1.059329E+08  3.489553E+03  1.145592E+03  3.712629E+16  3.159960E+15  2.312958E+10  6.513563E-10  1.196610E-03  4.213224E-02  9.457225E-03  1.249810E+08  9.120056E+03  3.097559E+08  7.019414E+05  6.010006E+10  2.640229E+09  2.991531E+00  8.570850E+06  7.547879E+03  6.522317E+03  8.945073E+05
  1.065734E+08  3.610166E+03  1.147820E+03  3.833487E+16  3.262827E+15  2.457501E+10  7.576100E-10  1.338920E-03  4.656632E-02  1.031625E-02  1.279205E+08  9.667121E+03  3.184516E+08  7.563381E+05  6.210720E+10  2.740002E+09  3.213001E+00  8.760134E+06  7.993565E+03  6.999810E+03  9.633558E+05
  1.066381E+08  3.622410E+03  1.148077E+03  3.845636E+16  3.273167E+15  2.474071E+10  7.705119E-10  1.356009E-03  4.710603E-02  1.042031E-02  1.282628E+08  9.734574E+03  3.194503E+08  7.628018E+05  6.231049E+10  2.750419E+09  3.239470E+00  8.782303E+06  8.043549E+03  7.055932E+03  9.711047E+05
  1.067675E+08  3.647022E+03  1.148592E+03  3.870049E+16  3.293946E+15  2.507531E+10  7.969633E-10  1.390822E-03  4.820358E-02  1.063181E-02  1.289523E+08  9.870902E+03  3.214550E+08  7.758390E+05  6.271907E+10  2.771368E+09  3.293055E+00  8.826883E+06  8.144455E+03  7.169418E+03  9.867756E+05
  1.070264E+08  3.696750E+03  1.149620E+03  3.919341E+16  3.335900E+15  2.575743E+10  8.525621E-10  1.463067E-03  5.047269E-02  1.106843E-02  1.303491E+08  1.014922E+04  3.254956E+08  8.024527E+05  6.354420E+10  2.813726E+09  3.402829E+00  8.916850E+06  8.350075E+03  7.401442E+03  1.018832E+06
  1.075441E+08  3.798249E+03  1.151678E+03  4.019817E+16  3.421419E+15  2.717488E+10  9.753925E-10  1.618625E-03  5.532209E-02  1.199912E-02  1.332183E+08  1.072932E+04  3.337231E+08  8.579630E+05  6.522687E+10  2.900314E+09  3.633196E+00  9.100176E+06  8.776983E+03  7.886328E+03  1.085893E+06
  1.085796E+08  4.009685E+03  1.155793E+03  4.228561E+16  3.599089E+15  3.023491E+10  1.275236E-09  1.979251E-03  6.639679E-02  1.411727E-02  1.392875E+08  1.199000E+04  3.508394E+08  9.786107E+05  6.872578E+10  3.081218E+09  4.140573E+00  9.481396E+06  9.697156E+03  8.944831E+03  1.232553E+06
  1.089030E+08  4.078110E+03  1.157078E+03  4.295960E+16  3.656455E+15  3.125593E+10  1.386192E-09  2.107053E-03  7.027116E-02  1.485761E-02  1.412807E+08  1.241338E+04  3.563583E+08  1.019080E+06  6.985633E+10  3.139905E+09  4.312926E+00  9.604697E+06  1.000381E+04  9.301309E+03  1.282050E+06
  1.095499E+08  4.218485E+03  1.159648E+03  4.433998E+16  3.773944E+15  3.339698E+10  1.637192E-09  2.387081E-03  7.868061E-02  1.646507E-02  1.454167E+08  1.330544E+04  3.676732E+08  1.104224E+06  7.217296E+10  3.260504E+09  4.679046E+00  9.857621E+06  1.064635E+04  1.005376E+04  1.386663E+06
  1.108437E+08  4.513895E+03  1.164790E+03  4.723521E+16  4.020369E+15  3.810376E+10  2.279787E-09  3.059316E-03  9.848805E-02  2.026443E-02  1.543434E+08  1.528625E+04  3.914920E+08  1.292468E+06  7.703680E+10  3.515106E+09  5.505228E+00  1.039014E+07  1.205698E+04  1.172924E+04  1.620194E+06
  1.109511E+08  4.539343E+03  1.165217E+03  4.748403E+16  4.041546E+15  3.852180E+10  2.343107E-09  3.122749E-03  1.003330E-01  2.061979E-02  1.551276E+08  1.546346E+04  3.935461E+08  1.309245E+06  7.745507E+10  3.537085E+09  5.579964E+00  1.043605E+07  1.218217E+04  1.187935E+04  1.641152E+06
  1.111660E+08  4.590669E+03  1.166071E+03  4.798559E+16  4.084236E+15  3.937097E+10  2.474952E-09  3.253461E-03  1.041229E-01  2.135082E-02  1.567172E+08  1.582410E+04  3.976908E+08  1.343347E+06  7.829838E+10  3.581437E+09  5.732452E+00  1.052868E+07  1.243642E+04  1.218489E+04  1.683829E+06
  1.115356E+08  4.680287E+03  1.167539E+03  4.886046E+16  4.158700E+15  4.087288E+10  2.718837E-09  3.490723E-03  1.109634E-01  2.267390E-02  1.595187E+08  1.646401E+04  4.049345E+08  1.403737E+06  7.976979E+10  3.658945E+09  6.004288E+00  1.069051E+07  1.288596E+04  1.272724E+04  1.759634E+06
  1.122077E+08  4.847780E+03  1.170210E+03  5.049265E+16  4.297622E+15  4.374474E+10  3.224055E-09  3.965882E-03  1.245255E-01  2.531264E-02  1.648485E+08  1.769493E+04  4.185004E+08  1.519440E+06  8.251624E+10  3.804017E+09  6.531511E+00  1.099334E+07  1.374518E+04  1.377087E+04  1.905681E+06
  1.128407E+08  5.011016E+03  1.172726E+03  5.207981E+16  4.432711E+15  4.662402E+10  3.783289E-09  4.470357E-03  1.387457E-01  2.810462E-02  1.701711E+08  1.893851E+04  4.317650E+08  1.635692E+06  8.518853E+10  3.945652E+09  7.069573E+00  1.128906E+07  1.460620E+04  1.482530E+04  2.053448E+06
  1.137042E+08  5.237870E+03  1.176710E+03  5.425471E+16  4.617825E+15  5.134700E+10  4.829323E-09  5.377152E-03  1.645106E-01  3.322903E-02  1.792459E+08  2.116756E+04  4.537322E+08  1.836053E+06  8.888663E+10  4.149520E+09  8.009110E+00  1.178026E+07  1.598965E+04  1.660663E+04  2.290751E+06
  1.145843E+08  5.478445E+03  1.180909E+03  5.654666E+16  4.812902E+15  5.676235E+10  6.225766E-09  6.519079E-03  1.966248E-01  3.977249E-02  1.898990E+08  2.382789E+04  4.783794E+08  2.068513E+06  9.279592E+10  4.367998E+09  9.134097E+00  1.233278E+07  1.756746E+04  1.868291E+04  2.563183E+06
  1.151896E+08  5.650291E+03  1.183797E+03  5.817898E+16  4.951835E+15  6.079508E+10  7.407326E-09  7.437061E-03  2.221280E-01  4.509824E-02  1.979925E+08  2.584969E+04  4.962970E+08  2.242639E+06  9.558203E+10  4.524364E+09  9.996425E+00  1.273267E+07  1.874140E+04  2.024503E+04  2.767237E+06
  1.154650E+08  5.730234E+03  1.185111E+03  5.893700E+16  5.016352E+15  6.271762E+10  8.014613E-09  7.894870E-03  2.347562E-01  4.777998E-02  2.019137E+08  2.682546E+04  5.047261E+08  2.325922E+06  9.687635E+10  4.597181E+09  1.041466E+01  1.292024E+07  1.930082E+04  2.099415E+04  2.864819E+06
  1.160157E+08  5.893529E+03  1.187739E+03  6.048279E+16  5.147921E+15  6.673613E+10  9.378236E-09  8.893626E-03  2.621193E-01  5.369581E-02  2.102652E+08  2.888930E+04  5.221373E+08  2.500518E+06  9.951673E+10  4.746059E+09  1.130332E+01  1.330650E+07  2.046971E+04  2.256851E+04  3.069337E+06
  1.167329E+08  6.113201E+03  1.191161E+03  6.255698E+16  5.324463E+15  7.233493E+10  1.149706E-08  1.037893E-02  3.023962E-01  6.267245E-02  2.223094E+08  3.181814E+04  5.459858E+08  2.744835E+06  1.030615E+11  4.946592E+09  1.257305E+01  1.383290E+07  2.209756E+04  2.477984E+04  3.355340E+06
  1.176934E+08  6.420252E+03  1.195743E+03  6.544646E+16  5.570397E+15  8.052927E+10  1.507746E-08  1.274790E-02  3.657774E-01  7.746569E-02  2.409554E+08  3.621295E+04  5.801839E+08  3.104352E+06  1.080029E+11  5.227302E+09  1.449489E+01  1.458217E+07  2.447905E+04  2.804987E+04  3.775662E+06
  1.187654E+08  6.781187E+03  1.200858E+03  6.882919E+16  5.858314E+15  9.070652E+10  2.035866E-08  1.600929E-02  4.516556E-01  9.883013E-02  2.660689E+08  4.184308E+04  6.217501E+08  3.553590E+06  1.137921E+11  5.557749E+09  1.698160E+01  1.548386E+07  2.743599E+04  3.215957E+04  4.299728E+06
  1.191129E+08  6.902512E+03  1.202516E+03  6.996304E+16  5.954821E+15  9.425875E+10  2.242909E-08  1.723011E-02  4.834604E-01  1.071268E-01  2.753894E+08  4.385166E+04  6.360694E+08  3.711009E+06  1.157335E+11  5.668915E+09  1.787458E+01  1.579221E+07  2.846799E+04  3.360523E+04  4.483029E+06
  1.198081E+08  7.151713E+03  1.205832E+03  7.228710E+16  6.152630E+15  1.017607E+11  2.720260E-08  1.994737E-02  5.536844E-01  1.261704E-01  2.960608E+08  4.816568E+04  6.660539E+08  4.044412E+06  1.197142E+11  5.897358E+09  1.980169E+01  1.643415E+07  3.064749E+04  3.667550E+04  4.870611E+06
  1.209889E+08  7.582934E+03  1.212140E+03  7.625185E+16  6.490085E+15  1.170949E+11  3.881466E-08  2.618696E-02  7.153704E-01  1.735351E-01  3.438819E+08  5.773787E+04  7.273509E+08  4.753352E+06  1.265631E+11  6.304144E+09  2.400616E+01  1.772928E+07  3.504814E+04  4.309757E+04  5.641238E+06
  1.221018E+08  8.013004E+03  1.218092E+03  8.018577E+16  6.824916E+15  1.335311E+11  5.410757E-08  3.377601E-02  9.091771E-01  2.366864E-01  4.022828E+08  6.856228E+04  7.925583E+08  5.520892E+06  1.333629E+11  6.709953E+09  2.879023E+01  1.908681E+07  3.976334E+04  5.007113E+04  6.463912E+06
  1.237079E+08  8.676969E+03  1.226682E+03  8.622307E+16  7.338773E+15  1.611070E+11  8.691638E-08  4.857313E-02  1.280436E+00  3.752483E-01  5.163479E+08  8.796538E+04  9.014769E+08  6.824197E+06  1.438040E+11  7.335946E+09  3.742745E+01  2.130974E+07  4.767373E+04  6.193736E+04  7.836561E+06
  1.243286E+08  8.948057E+03  1.230002E+03  8.867616E+16  7.547565E+15  1.731321E+11  1.042153E-07  5.582677E-02  1.459952E+00  4.496662E-01  5.719631E+08  9.679922E+04  9.481315E+08  7.398337E+06  1.480479E+11  7.591238E+09  4.149446E+01  2.224041E+07  5.112325E+04  6.716612E+04  8.432178E+06
  1.255699E+08  9.515907E+03  1.236641E+03  9.379369E+16  7.983137E+15  1.997559E+11  1.494229E-07  7.359707E-02  1.894456E+00  6.466301E-01  7.059810E+08  1.163013E+05  1.043973E+09  8.680486E+06  1.569036E+11  8.125263E+09  5.135425E+01  2.406938E+07  5.876037E+04  7.883977E+04  9.744620E+06
  1.267765E+08  1.010238E+04  1.243095E+03  9.905091E+16  8.430600E+15  2.292841E+11  2.113800E-07  9.603215E-02  2.434535E+00  9.240214E-01  8.743677E+08  1.390275E+05  1.149673E+09  1.011590E+07  1.660036E+11  8.675611E+09  6.325388E+01  2.603351E+07  6.723042E+04  9.191737E+04  1.119078E+07
  1.280600E+08  1.074568E+04  1.250331E+03  1.047559E+17  8.916171E+15  2.665654E+11  3.090894E-07  1.287055E-01  3.216084E+00  1.383658E+00  1.121339E+09  1.710466E+05  1.290200E+09  1.198474E+07  1.759209E+11  9.286578E+09  8.008071E+01  2.861118E+07  7.786364E+04  1.086789E+05  1.296992E+07
  1.290354E+08  1.126106E+04  1.255843E+03  1.093023E+17  9.303137E+15  2.986745E+11  4.116949E-07  1.605286E-01  3.967831E+00  1.883835E+00  1.361167E+09  2.007928E+05  1.414063E+09  1.360665E+07  1.838259E+11  9.774727E+09  9.585310E+01  3.085321E+07  8.701253E+04  1.232384E+05  1.448656E+07
  1.309862E+08  1.236716E+04  1.266868E+03  1.189957E+17  1.012818E+16  3.740601E+11  7.255662E-07  2.484277E-01  6.008152E+00  3.490854E+00  2.019646E+09  2.784071E+05  1.715677E+09  1.746735E+07  2.006793E+11  1.081712E+10  1.374669E+02  3.620450E+07  1.084587E+05  1.577591E+05  1.800038E+07
  1.345900E+08  1.469216E+04  1.287423E+03  1.390972E+17  1.183909E+16  5.637124E+11  2.035374E-06  5.501197E-01  1.278698E+01  1.089724E+01  4.254241E+09  5.237053E+05  2.540427E+09  2.745756E+07  2.356413E+11  1.298850E+10  2.712360E+02  5.034494E+07  1.620718E+05  2.460656E+05  2.657123E+07
  1.370744E+08  1.648942E+04  1.302364E+03  1.543378E+17  1.313627E+16  7.509646E+11  4.192373E-06  9.620438E-01  2.182114E+01  2.453466E+01  7.297387E+09  8.464063E+05  3.453548E+09  3.776229E+07  2.622198E+11  1.466078E+10  4.482626E+02  6.555135E+07  2.141958E+05  3.347791E+05  3.459503E+07
  1.386317E+08  1.772637E+04  1.311729E+03  1.647305E+17  1.402084E+16  8.964213E+11  6.546091E-06  1.357637E+00  3.031960E+01  4.047819E+01  1.020310E+10  1.153372E+06  4.224829E+09  4.592365E+07  2.803333E+11  1.579899E+10  6.175643E+02  7.826760E+07  2.542239E+05  4.042031E+05  4.066092E+07
  1.399710E+08  1.886427E+04  1.319784E+03  1.742276E+17  1.482918E+16  1.042171E+12  9.561558E-06  1.819328E+00  4.008674E+01  6.193925E+01  1.357825E+10  1.512956E+06  5.049757E+09  5.421020E+07  2.968788E+11  1.683751E+10  8.165279E+02  9.182422E+07  2.939138E+05  4.740792E+05  4.661787E+07
  1.405396E+08  1.936914E+04  1.323204E+03  1.784230E+17  1.518626E+16  1.110497E+12  1.121645E-05  2.058042E+00  4.508644E+01  7.408667E+01  1.531755E+10  1.700149E+06  5.453997E+09  5.812703E+07  3.041858E+11  1.729578E+10  9.202955E+02  9.846512E+07  3.123745E+05  5.069213E+05  4.937356E+07
  1.416768E+08  2.041553E+04  1.330148E+03  1.870696E+17  1.592221E+16  1.261689E+12  1.546016E-05  2.637579E+00  5.714274E+01  1.062629E+02  1.953144E+10  2.158333E+06  6.386081E+09  6.689604E+07  3.192511E+11  1.824224E+10  1.174158E+03  1.137373E+08  3.528391E+05  5.797988E+05  5.535915E+07
  1.425421E+08  2.122192E+04  1.336088E+03  1.936085E+17  1.647875E+16  1.401769E+12  2.017489E-05  3.245309E+00  6.984722E+01  1.442492E+02  2.400630E+10  2.660454E+06  7.321363E+09  7.534428E+07  3.306958E+11  1.897480E+10  1.449026E+03  1.290762E+08  3.895326E+05  6.477980E+05  6.061640E+07
  1.434693E+08  2.212141E+04  1.342455E+03  2.008692E+17  1.709674E+16  1.567827E+12  2.677134E-05  4.045206E+00  8.644619E+01  1.995363E+02  2.988965E+10  3.337760E+06  8.493969E+09  8.547783E+07  3.433970E+11  1.978616E+10  1.819149E+03  1.483791E+08  4.324507E+05  7.285663E+05  6.672965E+07
  1.448889E+08  2.357300E+04  1.352201E+03  2.125168E+17  1.808811E+16  1.857808E+12  4.109374E-05  5.647274E+00  1.193652E+02  3.259215E+02  4.164776E+10  4.747767E+06  1.070441E+10  1.034400E+08  3.637583E+11  2.108343E+10  2.587723E+03  1.850345E+08  5.059274E+05  8.699168E+05  7.713498E+07
  1.454480E+08  2.417050E+04  1.356040E+03  2.172873E+17  1.849415E+16  1.985114E+12  4.857529E-05  6.432524E+00  1.353729E+02  3.946035E+02  4.739775E+10  5.463357E+06  1.173905E+10  1.114195E+08  3.720930E+11  2.161333E+10  2.976953E+03  2.023213E+08  5.376123E+05  9.320657E+05  8.160683E+07
  1.464457E+08  2.527459E+04  1.362890E+03  2.260677E+17  1.924148E+16  2.232628E+12  6.533252E-05  8.101335E+00  1.691709E+02  5.535237E+02  5.958752E+10  7.033317E+06  1.386058E+10  1.270767E+08  3.874275E+11  2.258665E+10  3.829329E+03  2.380264E+08  5.982528E+05  1.053019E+06  9.015180E+07
  1.469392E+08  2.583914E+04  1.366278E+03  2.305405E+17  1.962218E+16  2.365363E+12  7.557185E-05  9.073208E+00  1.887354E+02  6.535079E+02  6.666781E+10  7.976580E+06  1.505739E+10  1.355443E+08  3.952360E+11  2.308151E+10  4.340575E+03  2.583192E+08  6.302649E+05  1.117935E+06  9.465952E+07
  1.479260E+08  2.700635E+04  1.373053E+03  2.397534E+17  2.040632E+16  2.653097E+12  1.009206E-04  1.136329E+01  2.345512E+02  9.085463E+02  8.329782E+10  1.027692E+07  1.779136E+10  1.540508E+08  4.113139E+11  2.409892E+10  5.585125E+03  3.050673E+08  6.984900E+05  1.258749E+06  1.042687E+08
  1.484928E+08  2.770035E+04  1.376944E+03  2.452097E+17  2.087073E+16  2.832702E+12  1.190193E-04  1.291932E+01  2.654868E+02  1.096093E+03  9.455541E+10  1.189773E+07  1.959358E+10  1.656982E+08  4.208325E+11  2.470035E+10  6.460458E+03  3.361661E+08  7.402956E+05  1.346695E+06  1.101630E+08
  1.496263E+08  2.912514E+04  1.385171E+03  2.562833E+17  2.181324E+16  3.244671E+12  1.675916E-04  1.688094E+01  3.443544E+02  1.622676E+03  1.232157E+11  1.618406E+07  2.398467E+10  1.930268E+08  4.401742E+11  2.592837E+10  8.756009E+03  4.120285E+08  8.333644E+05  1.548790E+06  1.231232E+08
  1.511077E+08  3.103469E+04  1.397468E+03  2.707248E+17  2.304242E+16  3.942754E+12  2.745869E-04  2.490278E+01  5.051411E+02  2.891105E+03  1.818220E+11  2.592745E+07  3.258729E+10  2.415852E+08  4.654849E+11  2.755685E+10  1.387968E+04  5.639773E+08  9.815844E+05  1.892288E+06  1.433674E+08
  1.512418E+08  3.121360E+04  1.398581E+03  2.720716E+17  2.315705E+16  4.012338E+12  2.870190E-04  2.578674E+01  5.228129E+02  3.044612E+03  1.882570E+11  2.706165E+07  3.350929E+10  2.464892E+08  4.678436E+11  2.770813E+10  1.447279E+04  5.804645E+08  9.958870E+05  1.926524E+06  1.453287E+08
  1.515100E+08  3.157454E+04  1.400807E+03  2.747853E+17  2.338802E+16  4.154915E+12  3.135334E-04  2.764563E+01  5.599502E+02  3.375598E+03  2.017741E+11  2.948302E+07  3.543494E+10  2.565713E+08  4.725954E+11  2.801268E+10  1.573715E+04  6.150152E+08  1.024940E+06  1.996668E+06  1.493181E+08
  1.518219E+08  3.199963E+04  1.403396E+03  2.779760E+17  2.365959E+16  4.326630E+12  3.473528E-04  2.996940E+01  6.063322E+02  3.804414E+03  2.186419E+11  3.257656E+07  3.781888E+10  2.687705E+08  4.781811E+11  2.837028E+10  1.734915E+04  6.579998E+08  1.059488E+06  2.081138E+06  1.540722E+08
  1.521573E+08  3.246292E+04  1.406180E+03  2.814467E+17  2.395500E+16  4.518472E+12  3.876216E-04  3.267523E+01  6.602864E+02  4.323898E+03  2.382406E+11  3.626760E+07  4.056545E+10  2.824696E+08  4.842554E+11  2.875872E+10  1.926811E+04  7.077965E+08  1.097531E+06  2.175493E+06  1.593206E+08
  1.525760E+08  3.305093E+04  1.409656E+03  2.858420E+17  2.432910E+16  4.769059E+12  4.442637E-04  3.638380E+01  7.341531E+02  5.069386E+03  2.650275E+11  4.147336E+07  4.428459E+10  3.004697E+08  4.919457E+11  2.924982E+10  2.196750E+04  7.756630E+08  1.146372E+06  2.298712E+06  1.660809E+08
  1.529491E+08  3.358378E+04  1.412753E+03  2.898159E+17  2.466733E+16  5.003048E+12  5.013857E-04  4.002456E+01  8.065912E+02  5.836919E+03  2.912396E+11  4.673935E+07  4.789091E+10  3.173784E+08  4.988963E+11  2.969308E+10  2.469085E+04  8.419175E+08  1.191139E+06  2.413735E+06  1.723004E+08
  1.534580E+08  3.432450E+04  1.416977E+03  2.953257E+17  2.513629E+16  5.339302E+12  5.908269E-04  4.555679E+01  9.165374E+02  7.066774E+03  3.309094E+11  5.501539E+07  5.329719E+10  3.418390E+08  5.085303E+11  3.030656E+10  2.895848E+04  9.419956E+08  1.254115E+06  2.578964E+06  1.810902E+08
  1.540887E+08  3.526520E+04  1.422212E+03  3.022996E+17  2.572987E+16  5.784899E+12  7.231335E-04  5.343246E+01  1.072853E+03  8.940445E+03  3.870510E+11  6.731881E+07  6.086302E+10  3.745231E+08  5.207193E+11  3.108128E+10  3.528005E+04  1.083413E+09  1.335236E+06  2.797793E+06  1.924860E+08
  1.553502E+08  3.722463E+04  1.432683E+03  3.167453E+17  2.695940E+16  6.780581E+12  1.078386E-03  7.326583E+01  1.465824E+03  1.422580E+04  5.267570E+11  1.006230E+08  7.937851E+10  4.485255E+08  5.459515E+11  3.268029E+10  5.229501E+04  1.435021E+09  1.507724E+06  3.286158E+06  2.170128E+08
  1.556088E+08  3.763965E+04  1.434830E+03  3.197915E+17  2.721867E+16  7.003304E+12  1.169597E-03  7.812374E+01  1.561986E+03  1.563200E+04  5.606225E+11  1.092179E+08  8.381554E+10  4.652435E+08  5.512697E+11  3.301656E+10  5.666907E+04  1.520247E+09  1.544780E+06  3.395277E+06  2.223369E+08
  1.556330E+08  3.767864E+04  1.435031E+03  3.200774E+17  2.724301E+16  7.024440E+12  1.178483E-03  7.859273E+01  1.571268E+03  1.576992E+04  5.638849E+11  1.100558E+08  8.424203E+10  4.668325E+08  5.517689E+11  3.304811E+10  5.709519E+04  1.528456E+09  1.548270E+06  3.405630E+06  2.228393E+08
  1.556700E+08  3.773852E+04  1.435338E+03  3.205165E+17  2.728038E+16  7.056973E+12  1.192238E-03  7.931734E+01  1.585609E+03  1.598375E+04  5.689229E+11  1.113531E+08  8.490032E+10  4.692798E+08  5.525353E+11  3.309655E+10  5.775486E+04  1.541133E+09  1.553631E+06  3.421565E+06  2.236116E+08
  1.557441E+08  3.785856E+04  1.435953E+03  3.213964E+17  2.735527E+16  7.122458E+12  1.220212E-03  8.078577E+01  1.614671E+03  1.641981E+04  5.791231E+11  1.139923E+08  8.623221E+10  4.742084E+08  5.540713E+11  3.319361E+10  5.909643E+04  1.566800E+09  1.564390E+06  3.453635E+06  2.251625E+08
  1.558923E+08  3.809979E+04  1.437183E+03  3.231635E+17  2.750567E+16  7.255108E+12  1.278065E-03  8.380105E+01  1.674341E+03  1.732653E+04  6.000304E+11  1.194531E+08  8.895741E+10  4.842059E+08  5.571557E+11  3.338844E+10  6.187086E+04  1.619406E+09  1.586049E+06  3.518588E+06  2.282899E+08
  1.561886E+08  3.858687E+04  1.439643E+03  3.267268E+17  2.780896E+16  7.527261E+12  1.401777E-03  9.015775E+01  1.800120E+03  1.928657E+04  6.439410E+11  1.311402E+08  9.466193E+10  5.047805E+08  5.633747E+11  3.378104E+10  6.780212E+04  1.729861E+09  1.629932E+06  3.651795E+06  2.346475E+08
  1.567813E+08  3.957979E+04  1.444562E+03  3.339718E+17  2.842561E+16  8.099984E+12  1.684586E-03  1.042822E+02  2.079560E+03  2.386515E+04  7.407264E+11  1.578741E+08  1.071474E+11  5.483068E+08  5.760159E+11  3.457810E+10  8.134172E+04  1.973034E+09  1.719948E+06  3.931886E+06  2.477785E+08
  1.579667E+08  4.159423E+04  1.455185E+03  3.484119E+17  2.965466E+16  9.452224E+12  2.478651E-03  1.419872E+02  2.835710E+03  3.746689E+04  9.954604E+11  2.299196E+08  1.378139E+11  6.541384E+08  6.012404E+11  3.617458E+10  1.173158E+05  2.561336E+09  1.917061E+06  4.592872E+06  2.764003E+08
  1.595442E+08  4.435306E+04  1.470559E+03  3.677104E+17  3.129723E+16  1.173535E+13  4.256685E-03  2.195052E+02  4.415838E+03  7.074864E+04  1.506259E+12  3.806431E+08  1.933767E+11  8.396351E+08  6.349822E+11  3.831454E+10  1.950216E+05  3.605596E+09  2.210305E+06  5.706686E+06  3.197989E+08
  1.613094E+08  4.765749E+04  1.487761E+03  3.905739E+17  3.324323E+16  1.488053E+13  7.667298E-03  3.538261E+02  7.203894E+03  1.404742E+05  2.340894E+12  6.224162E+08  2.709083E+11  1.101727E+09  6.749018E+11  4.082896E+10  3.203368E+05  4.971843E+09  2.560006E+06  7.237086E+06  3.732950E+08
  1.628830E+08  5.081027E+04  1.503096E+03  4.121518E+17  3.507981E+16  1.831516E+13  1.276800E-02  5.368818E+02  1.108859E+04  2.534805E+05  3.396199E+12  9.116805E+08  3.549377E+11  1.393720E+09  7.125320E+11  4.318456E+10  4.693781E+05  6.315597E+09  2.888515E+06  8.904949E+06  4.253345E+08
  1.657886E+08  5.719020E+04  1.531412E+03  4.551769E+17  3.874183E+16  2.662056E+13  3.159445E-02  1.135883E+03  2.431831E+04  7.217641E+05  6.373668E+12  1.682749E+09  5.644162E+11  2.112554E+09  7.874652E+11  4.784067E+10  8.608373E+05  9.182565E+09  3.530478E+06  1.292670E+07  5.317778E+08
  1.681251E+08  6.258617E+04  1.555793E+03  4.904649E+17  4.174534E+16  3.619037E+13  6.571551E-02  2.110274E+03  4.736747E+04  1.699701E+06  1.028855E+13  2.618381E+09  8.240927E+11  2.962674E+09  8.489085E+11  5.163668E+10  1.318515E+06  1.189724E+10  4.076167E+06  1.754966E+07  6.261349E+08
  1.684833E+08  6.345336E+04  1.559550E+03  4.960797E+17  4.222323E+16  3.791354E+13  7.315034E-02  2.317739E+03  5.259156E+04  1.933692E+06  1.106286E+13  2.787064E+09  8.749414E+11  3.115865E+09  8.586786E+11  5.223741E+10  1.397365E+06  1.236456E+10  4.160750E+06  1.838105E+07  6.396058E+08
  1.688189E+08  6.427680E+04  1.563070E+03  5.013990E+17  4.267598E+16  3.959546E+13  8.116253E-02  2.529628E+03  5.775431E+04  2.182111E+06  1.178638E+13  2.964010E+09  9.260393E+11  3.265020E+09  8.679332E+11  5.280580E+10  1.483385E+06  1.282510E+10  4.240840E+06  1.919135E+07  6.547687E+08
  1.694902E+08  6.595588E+04  1.570112E+03  5.122093E+17  4.359608E+16  4.316429E+13  9.949649E-02  3.009956E+03  6.976788E+04  2.757450E+06  1.340372E+13  3.342372E+09  1.039826E+12  3.582369E+09  8.867365E+11  5.395854E+10  1.664475E+06  1.380764E+10  4.401530E+06  2.090960E+07  6.841775E+08
  1.708326E+08  6.944676E+04  1.584194E+03  5.345340E+17  4.549622E+16  5.119249E+13  1.490459E-01  4.243016E+03  1.011318E+05  4.409764E+06  1.640425E+13  4.243303E+09  1.321500E+12  4.288291E+09  9.255509E+11  5.632966E+10  2.095761E+06  1.604283E+10  4.726779E+06  2.476765E+07  7.474269E+08
  1.735176E+08  7.699260E+04  1.612358E+03  5.821449E+17  4.954857E+16  7.144448E+13  3.306649E-01  8.290200E+03  2.068383E+05  1.088516E+07  2.277391E+13  6.896233E+09  2.231650E+12  6.025452E+09  1.008265E+12  6.134716E+10  3.366528E+06  2.237334E+10  5.394134E+06  3.445487E+07  8.945031E+08
  1.769620E+08  8.750084E+04  1.648612E+03  6.470846E+17  5.507583E+16  1.079111E+14  9.250070E-01  1.898434E+04  4.801479E+05  3.054569E+07  2.825987E+13  1.377016E+10  4.856228E+12  9.091761E+09  1.120994E+12  6.810690E+10  6.666824E+06  4.042051E+10  6.273767E+06  5.172289E+07  1.154534E+09
  1.776107E+08  8.957829E+04  1.655457E+03  6.597511E+17  5.615393E+16  1.164093E+14  1.125334E+00  2.210818E+04  5.567133E+05  3.565733E+07  2.867991E+13  1.583340E+10  5.674529E+12  9.849944E+09  1.142972E+12  6.941348E+10  7.609319E+06  4.714272E+10  6.442304E+06  5.571432E+07  1.216002E+09
  1.782590E+08  9.170367E+04  1.662298E+03  6.726571E+17  5.725241E+16  1.255023E+14  1.370356E+00  2.571326E+04  6.430062E+05  4.108624E+07  2.891442E+13  1.821634E+10  6.621960E+12  1.068660E+10  1.165361E+12  7.074090E+10  8.638608E+06  5.607240E+10  6.612674E+06  5.997299E+07  1.282589E+09
  1.782791E+08  9.177056E+04  1.662510E+03  6.730625E+17  5.728691E+16  1.257951E+14  1.378775E+00  2.583385E+04  6.458673E+05  4.125919E+07  2.891951E+13  1.829560E+10  6.653549E+12  1.071400E+10  1.166064E+12  7.078253E+10  8.671392E+06  5.639453E+10  6.618001E+06  6.010993E+07  1.284727E+09
  1.783194E+08  9.190450E+04  1.662936E+03  6.738740E+17  5.735598E+16  1.263825E+14  1.395767E+00  2.607663E+04  6.516236E+05  4.160571E+07  2.892944E+13  1.845504E+10  6.717111E+12  1.076905E+10  1.167472E+12  7.086585E+10  8.737020E+06  5.704792E+10  6.628659E+06  6.038466E+07  1.289015E+09
  1.783889E+08  9.213565E+04  1.663669E+03  6.752739E+17  5.747513E+16  1.274001E+14  1.425519E+00  2.649990E+04  6.616465E+05  4.220432E+07  2.894578E+13  1.873255E+10  6.827795E+12  1.086468E+10  1.169900E+12  7.100956E+10  8.850192E+06  5.820253E+10  6.647033E+06  6.086046E+07  1.296435E+09
  1.785278E+08  9.259970E+04  1.665134E+03  6.780825E+17  5.771418E+16  1.294575E+14  1.486899E+00  2.736605E+04  6.821128E+05  4.340769E+07  2.897614E+13  1.929850E+10  7.053743E+12  1.105928E+10  1.174772E+12  7.129773E+10  9.076607E+06  6.062788E+10  6.683840E+06  6.182210E+07  1.311399E+09
  1.788056E+08  9.353482E+04  1.668066E+03  6.837348E+17  5.819527E+16  1.336627E+14  1.617478E+00  2.917959E+04  7.248034E+05  4.583497E+07  2.903136E+13  2.047359E+10  7.523827E+12  1.146162E+10  1.184576E+12  7.187712E+10  9.527161E+06  6.598695E+10  6.757688E+06  6.378617E+07  1.341790E+09
  1.793611E+08  9.543349E+04  1.673928E+03  6.951812E+17  5.916952E+16  1.424457E+14  1.912507E+00  3.315421E+04  8.178507E+05  5.074753E+07  2.914561E+13  2.299098E+10  8.535278E+12  1.232181E+10  1.204427E+12  7.304810E+10  1.038337E+07  7.914291E+10  6.906291E+06  6.788269E+07  1.404185E+09
  1.797606E+08  9.682246E+04  1.678143E+03  7.035297E+17  5.988009E+16  1.490797E+14  2.155541E+00  3.632381E+04  8.917568E+05  5.431699E+07  2.925036E+13  2.493168E+10  9.318884E+12  1.298861E+10  1.218904E+12  7.390019E+10  1.112049E+07  9.113038E+10  7.013883E+06  7.097256E+07  1.450183E+09
  1.805595E+08  9.966134E+04  1.686574E+03  7.205288E+17  6.132694E+16  1.631918E+14  2.731512E+00  4.354516E+04  1.059706E+06  6.160171E+07  2.954788E+13  2.911175E+10  1.101497E+13  1.444658E+10  1.248377E+12  7.563005E+10  1.293595E+07  1.237962E+11  7.230963E+06  7.753504E+07  1.544630E+09
  1.817593E+08  1.040815E+05  1.699234E+03  7.468300E+17  6.356555E+16  1.866575E+14  3.873736E+00  5.699270E+04  1.371860E+06  7.349455E+07  3.021478E+13  3.605981E+10  1.383834E+13  1.694604E+10  1.293967E+12  7.829293E+10  1.584998E+07  2.057701E+11  7.562010E+06  8.841807E+07  1.692228E+09
  1.841587E+08  1.135185E+05  1.724554E+03  8.023478E+17  6.829088E+16  2.429434E+14  7.625298E+00  9.655234E+04  2.290566E+06  1.059444E+08  3.209522E+13  5.257900E+10  2.030500E+13  2.304464E+10  1.390159E+12  8.385970E+10  2.171682E+07  6.070385E+11  8.245052E+06  1.143208E+08  2.008040E+09
  1.862310E+08  1.219402E+05  1.746144E+03  8.513489E+17  7.246154E+16  3.022908E+14  1.326246E+01  1.495123E+05  3.534017E+06  1.483904E+08  3.394622E+13  7.126723E+10  2.670664E+13  2.952471E+10  1.475021E+12  8.870101E+10  2.515107E+07  1.459602E+12  8.837268E+06  1.411527E+08  2.293292E+09
  1.880458E+08  1.297171E+05  1.764982E+03  8.961209E+17  7.627226E+16  3.643311E+14  2.114186E+01  2.171373E+05  5.146756E+06  2.013415E+08  3.568621E+13  9.590113E+10  3.303380E+13  3.633101E+10  1.552526E+12  9.306691E+10  3.107237E+07  2.740720E+12  9.369743E+06  1.686043E+08  2.554174E+09
  1.882292E+08  1.305303E+05  1.766886E+03  9.007752E+17  7.666840E+16  3.711998E+14  2.230192E+01  2.253900E+05  5.307598E+06  2.059103E+08  3.586153E+13  9.953518E+10  3.363840E+13  3.714708E+10  1.560580E+12  9.351698E+10  3.342333E+07  2.314758E+12  9.424908E+06  1.720953E+08  2.593691E+09
  1.885961E+08  1.321719E+05  1.770694E+03  9.101565E+17  7.746688E+16  3.852870E+14  2.451412E+01  2.427939E+05  5.711225E+06  2.172177E+08  3.621722E+13  1.064991E+11  3.475754E+13  3.876440E+10  1.576815E+12  9.442366E+10  3.571609E+07  2.461721E+12  9.535499E+06  1.783944E+08  2.652502E+09
  1.890390E+08  1.341811E+05  1.775291E+03  9.216118E+17  7.844189E+16  4.029330E+14  2.746594E+01  2.654985E+05  6.236936E+06  2.324873E+08  3.665697E+13  1.159388E+11  3.596862E+13  4.077196E+10  1.596637E+12  9.552755E+10  3.883329E+07  2.633363E+12  9.670166E+06  1.862674E+08  2.724826E+09
  1.898278E+08  1.378360E+05  1.783479E+03  9.423743E+17  8.020906E+16  4.361741E+14  3.359766E+01  3.109951E+05  7.285766E+06  2.622908E+08  3.745472E+13  1.365249E+11  3.763302E+13  4.457332E+10  1.632561E+12  9.751927E+10  4.565826E+07  2.917510E+12  9.913337E+06  2.010276E+08  2.857807E+09
  1.902610E+08  1.398853E+05  1.787976E+03  9.539748E+17  8.119642E+16  4.554602E+14  3.751389E+01  3.390217E+05  7.927879E+06  2.799301E+08  3.789997E+13  1.505304E+11  3.818470E+13  4.679759E+10  1.652629E+12  9.862698E+10  5.033766E+07  3.049992E+12  1.004875E+07  2.095456E+08  2.933408E+09
  1.906942E+08  1.419651E+05  1.792473E+03  9.657181E+17  8.219594E+16  4.755099E+14  4.187977E+01  3.694250E+05  8.620083E+06  2.984266E+08  3.835005E+13  1.670194E+11  3.841590E+13  4.912658E+10  1.672943E+12  9.974457E+10  5.590877E+07  3.153583E+12  1.018555E+07  2.183642E+08  3.011119E+09
  1.911274E+08  1.440758E+05  1.796969E+03  9.776059E+17  8.320776E+16  4.963500E+14  4.675192E+01  4.023937E+05  9.364574E+06  3.177184E+08  3.880544E+13  1.865165E+11  3.829769E+13  5.156718E+10  1.693505E+12  1.008720E+11  6.262360E+07  3.215676E+12  1.032378E+07  2.274913E+08  3.091227E+09
  1.913577E+08  1.452107E+05  1.799360E+03  9.839854E+17  8.375074E+16  5.077607E+14  4.957051E+01  4.210347E+05  9.782293E+06  3.282701E+08  3.904964E+13  1.982914E+11  3.809399E+13  5.291266E+10  1.704538E+12  1.014755E+11  6.676937E+07  3.226805E+12  1.039786E+07  2.324728E+08  3.134909E+09
  1.914805E+08  1.458191E+05  1.800634E+03  9.874018E+17  8.404152E+16  5.139367E+14  5.114219E+01  4.312981E+05  1.001119E+07  3.339699E+08  3.918023E+13  2.049997E+11  3.794841E+13  5.364371E+10  1.710447E+12  1.017982E+11  6.916879E+07  3.225467E+12  1.043751E+07  2.351648E+08  3.158521E+09
  1.917259E+08  1.470435E+05  1.803182E+03  9.942701E+17  8.462611E+16  5.264919E+14  5.443942E+01  4.525386E+05  1.048239E+07  3.455182E+08  3.944328E+13  2.193632E+11  3.758877E+13  5.513639E+10  1.722324E+12  1.024459E+11  7.441416E+07  3.206006E+12  1.051717E+07  2.406291E+08  3.206476E+09
  1.921591E+08  1.492297E+05  1.807679E+03  1.006509E+18  8.566784E+16  5.493263E+14  6.080010E+01  4.924610E+05  1.135827E+07  3.663466E+08  3.991184E+13  2.478873E+11  3.678757E+13  5.787325E+10  1.743489E+12  1.035970E+11  8.577751E+07  3.111657E+12  1.065896E+07  2.505453E+08  3.293658E+09
  1.923982E+08  1.504500E+05  1.810160E+03  1.013328E+18  8.624819E+16  5.623049E+14  6.463136E+01  5.158940E+05  1.186653E+07  3.780711E+08  4.017332E+13  2.653305E+11  3.629891E+13  5.944150E+10  1.755279E+12  1.042364E+11  9.450466E+07  3.025640E+12  1.073787E+07  2.561736E+08  3.343193E+09
  1.928314E+08  1.526869E+05  1.814657E+03  1.025802E+18  8.730989E+16  5.865280E+14  7.220980E+01  5.610663E+05  1.283563E+07  3.998022E+08  4.065260E+13  2.996464E+11  3.543742E+13  6.238971E+10  1.776846E+12  1.054027E+11  1.134538E+08  2.815920E+12  1.088203E+07  2.666740E+08  3.435404E+09
  1.932646E+08  1.549570E+05  1.819154E+03  1.038429E+18  8.838466E+16  6.116849E+14  8.065675E+01  6.099584E+05  1.387516E+07  4.225181E+08  4.113978E+13  3.365400E+11  3.473478E+13  6.546986E+10  1.798677E+12  1.065789E+11  1.364877E+08  2.576826E+12  1.102767E+07  2.775723E+08  3.529904E+09
  1.936978E+08  1.572609E+05  1.823650E+03  1.051212E+18  8.947266E+16  6.378073E+14  8.999194E+01  6.628573E+05  1.500247E+07  4.470660E+08  4.163605E+13  3.749540E+11  3.430411E+13  6.866516E+10  1.820773E+12  1.077650E+11  1.624270E+08  2.390807E+12  1.117471E+07  2.888465E+08  3.624830E+09
  1.941310E+08  1.595990E+05  1.828147E+03  1.064152E+18  9.057406E+16  6.649277E+14  1.002428E+02  7.200700E+05  1.623401E+07  4.741889E+08  4.214168E+13  4.148212E+11  3.419100E+13  7.196336E+10  1.843140E+12  1.089612E+11  1.900685E+08  2.311219E+12  1.132311E+07  3.004665E+08  3.718928E+09
  1.945642E+08  1.619719E+05  1.832644E+03  1.077252E+18  9.168901E+16  6.930797E+14  1.115207E+02  7.819258E+05  1.757371E+07  5.037628E+08  4.265590E+13  4.571831E+11  3.433971E+13  7.537589E+10  1.865779E+12  1.101673E+11  2.200128E+08  2.303998E+12  1.147295E+07  3.124455E+08  3.812951E+09
  1.949974E+08  1.643247E+05  1.837015E+03  1.090281E+18  9.279792E+16  7.215138E+14  1.236280E+02  8.468945E+05  1.897970E+07  5.344719E+08  4.316722E+13  5.020078E+11  3.460138E+13  7.882235E+10  1.888293E+12  1.113639E+11  2.535160E+08  2.319635E+12  1.162156E+07  3.244751E+08  3.905879E+09
  1.954306E+08  1.666306E+05  1.841205E+03  1.103128E+18  9.389141E+16  7.498208E+14  1.364212E+02  9.140186E+05  2.042819E+07  5.658083E+08  4.367283E+13  5.489256E+11  3.492735E+13  8.225159E+10  1.910492E+12  1.125420E+11  2.911139E+08  2.342401E+12  1.176764E+07  3.363885E+08  3.996979E+09
  1.958638E+08  1.689688E+05  1.845396E+03  1.116127E+18  9.499777E+16  7.791223E+14  1.504693E+02  9.861465E+05  2.198126E+07  5.988959E+08  4.418467E+13  5.998872E+11  3.531163E+13  8.580968E+10  1.932951E+12  1.137296E+11  3.350639E+08  2.368531E+12  1.191523E+07  3.486611E+08  4.089461E+09
  1.962971E+08  1.713399E+05  1.849586E+03  1.129278E+18  9.611718E+16  8.094490E+14  1.658914E+02  1.063627E+06  2.364565E+07  6.337887E+08  4.470260E+13  6.553247E+11  3.571847E+13  8.950157E+10  1.955672E+12  1.149265E+11  3.866471E+08  2.396213E+12  1.206433E+07  3.612989E+08  4.183373E+09
  1.965373E+08  1.726690E+05  1.851909E+03  1.136638E+18  9.674355E+16  8.267181E+14  1.750811E+02  1.109032E+06  2.461922E+07  6.539436E+08  4.499238E+13  6.881407E+11  3.594973E+13  9.160796E+10  1.968384E+12  1.155942E+11  4.190811E+08  2.412114E+12  1.214767E+07  3.684662E+08  4.236067E+09
  1.969705E+08  1.750919E+05  1.856099E+03  1.150031E+18  9.788352E+16  8.587015E+14  1.928955E+02  1.195581E+06  2.647169E+07  6.918047E+08  4.551986E+13  7.513412E+11  3.637473E+13  9.551661E+10  1.991519E+12  1.168057E+11  4.856286E+08  2.441709E+12  1.229919E+07  3.816848E+08  4.332224E+09
  1.974037E+08  1.775489E+05  1.860289E+03  1.163582E+18  9.903693E+16  8.917923E+14  2.124304E+02  1.288480E+06  2.845561E+07  7.316911E+08  4.605358E+13  8.200796E+11  3.680878E+13  9.957041E+10  2.014924E+12  1.180266E+11  5.642612E+08  2.472427E+12  1.245230E+07  3.952857E+08  4.429833E+09
  1.978369E+08  1.800404E+05  1.864479E+03  1.177294E+18  1.002039E+17  9.260245E+14  2.338426E+02  1.388167E+06  3.057982E+07  7.736936E+08  4.659354E+13  8.948122E+11  3.725114E+13  1.037740E+11  2.038602E+12  1.192569E+11  6.582133E+08  2.504344E+12  1.260700E+07  4.092757E+08  4.528898E+09
  1.982701E+08  1.825668E+05  1.868670E+03  1.191166E+18  1.013847E+17  9.614327E+14  2.573009E+02  1.495104E+06  3.285387E+07  8.179114E+08  4.713990E+13  9.760309E+11  3.770158E+13  1.081320E+11  2.062556E+12  1.204966E+11  7.743650E+08  2.537977E+12  1.276334E+07  4.236611E+08  4.629412E+09
  1.984457E+08  1.836008E+05  1.870368E+03  1.196835E+18  1.018671E+17  9.761253E+14  2.674321E+02  1.540618E+06  3.382035E+07  8.364858E+08  4.736311E+13  1.010912E+12  3.788627E+13  1.099433E+11  2.072343E+12  1.210016E+11  8.268769E+08  2.551833E+12  1.282716E+07  4.296054E+08  4.670565E+09
  1.987968E+08  1.856863E+05  1.873764E+03  1.208253E+18  1.028390E+17  1.006117E+15  2.888458E+02  1.635598E+06  3.583478E+07  8.748052E+08  4.781275E+13  1.084266E+12  3.825921E+13  1.136455E+11  2.092056E+12  1.220164E+11  9.426197E+08  2.579936E+12  1.295563E+07  4.416946E+08  4.753592E+09
  1.992300E+08  1.882919E+05  1.877954E+03  1.222490E+18  1.040508E+17  1.044259E+15  3.175184E+02  1.760404E+06  3.847714E+07  9.243051E+08  4.837341E+13  1.181721E+12  3.872568E+13  1.183630E+11  2.116635E+12  1.232768E+11  1.107733E+09  2.615334E+12  1.311565E+07  4.569839E+08  4.857358E+09
  1.993890E+08  1.892576E+05  1.879492E+03  1.227759E+18  1.044992E+17  1.058583E+15  3.287084E+02  1.808435E+06  3.949274E+07  9.431128E+08  4.858084E+13  1.219521E+12  3.889865E+13  1.201373E+11  2.125729E+12  1.237418E+11  1.175284E+09  2.628526E+12  1.317482E+07  4.627018E+08  4.895820E+09
  1.997071E+08  1.912038E+05  1.882569E+03  1.238364E+18  1.054019E+17  1.087763E+15  3.522238E+02  1.908231E+06  4.160081E+07  9.817856E+08  4.899841E+13  1.298538E+12  3.924731E+13  1.237557E+11  2.144034E+12  1.246756E+11  1.322825E+09  2.655219E+12  1.329385E+07  4.743097E+08  4.973338E+09
  2.001403E+08  1.938869E+05  1.886759E+03  1.252956E+18  1.066439E+17  1.128667E+15  3.868373E+02  2.052541E+06  4.464455E+07  1.036799E+09  4.957294E+13  1.413809E+12  3.972797E+13  1.288371E+11  2.169219E+12  1.259556E+11  1.553751E+09  2.692249E+12  1.345747E+07  4.904956E+08  5.080200E+09
  2.005735E+08  1.966077E+05  1.890949E+03  1.267720E+18  1.079005E+17  1.170948E+15  4.246696E+02  2.207106E+06  4.789914E+07  1.094622E+09  5.015418E+13  1.538361E+12  4.021518E+13  1.340998E+11  2.194697E+12  1.272448E+11  1.824836E+09  2.730065E+12  1.362283E+07  5.071248E+08  5.188539E+09
  2.010067E+08  1.993666E+05  1.895139E+03  1.282658E+18  1.091719E+17  1.214645E+15  4.660016E+02  2.372607E+06  5.137849E+07  1.155378E+09  5.074227E+13  1.672656E+12  4.070881E+13  1.395493E+11  2.220473E+12  1.285433E+11  2.143202E+09  2.768688E+12  1.378997E+07  5.242109E+08  5.298361E+09
  2.012644E+08  2.010258E+05  1.897631E+03  1.291626E+18  1.099352E+17  1.241324E+15  4.923678E+02  2.476522E+06  5.356043E+07  1.192959E+09  5.109522E+13  1.757308E+12  4.100540E+13  1.428813E+11  2.235945E+12  1.293200E+11  2.358329E+09  2.792043E+12  1.389022E+07  5.345962E+08  5.364385E+09
  2.016050E+08  2.032406E+05  1.900926E+03  1.303579E+18  1.109525E+17  1.277401E+15  5.294066E+02  2.620505E+06  5.658055E+07  1.244355E+09  5.156566E+13  1.874811E+12  4.140089E+13  1.473927E+11  2.256565E+12  1.303518E+11  2.676239E+09  2.823360E+12  1.402374E+07  5.485899E+08  5.452486E+09
  2.020382E+08  2.060926E+05  1.905116E+03  1.318939E+18  1.122599E+17  1.324641E+15  5.806893E+02  2.815043E+06  6.061979E+07  1.313335E+09  5.216999E+13  1.978204E+12  4.188946E+13  1.532973E+11  2.283060E+12  1.316718E+11  3.051601E+09  2.857086E+12  1.419488E+07  5.682071E+08  5.567570E+09
  2.024714E+08  2.089846E+05  1.909306E+03  1.334481E+18  1.135828E+17  1.373444E+15  6.367093E+02  3.023147E+06  6.492814E+07  1.385868E+09  5.278134E+13  2.084882E+12  4.238045E+13  1.594057E+11  2.309864E+12  1.330011E+11  3.464461E+09  2.891731E+12  1.436788E+07  5.884921E+08  5.684378E+09
  2.029046E+08  2.119172E+05  1.913496E+03  1.350206E+18  1.149212E+17  1.423853E+15  6.978981E+02  3.245701E+06  6.952069E+07  1.462160E+09  5.339987E+13  2.192770E+12  4.287692E+13  1.657232E+11  2.336980E+12  1.343394E+11  3.906883E+09  2.926998E+12  1.454274E+07  6.095167E+08  5.802991E+09
  2.033378E+08  2.148909E+05  1.917687E+03  1.366116E+18  1.162753E+17  1.475917E+15  7.647185E+02  3.483643E+06  7.441395E+07  1.542403E+09  5.402557E+13  2.300928E+12  4.337864E+13  1.722554E+11  2.364412E+12  1.356868E+11  4.371707E+09  2.962878E+12  1.471949E+07  6.313238E+08  5.923456E+09
  2.036276E+08  2.169031E+05  1.920489E+03  1.376862E+18  1.171899E+17  1.511686E+15  8.128114E+02  3.651863E+06  7.786199E+07  1.598397E+09  5.444814E+13  2.372776E+12  4.371638E+13  1.767471E+11  2.382938E+12  1.365930E+11  4.571151E+09  2.987464E+12  1.483878E+07  6.463710E+08  6.005121E+09
  2.038565E+08  2.185060E+05  1.922703E+03  1.385410E+18  1.179175E+17  1.540490E+15  8.528508E+02  3.790140E+06  8.068998E+07  1.643992E+09  5.478430E+13  2.428875E+12  4.398476E+13  1.803663E+11  2.397674E+12  1.373117E+11  4.750872E+09  3.006966E+12  1.493363E+07  6.585338E+08  6.070245E+09
  2.040127E+08  2.196069E+05  1.924214E+03  1.391276E+18  1.184168E+17  1.560434E+15  8.812673E+02  3.887348E+06  8.267447E+07  1.675824E+09  5.501485E+13  2.466700E+12  4.416876E+13  1.828732E+11  2.407785E+12  1.378038E+11  4.875090E+09  3.020341E+12  1.499869E+07  6.669807E+08  6.115016E+09
  2.043252E+08  2.218254E+05  1.927237E+03  1.403082E+18  1.194216E+17  1.601017E+15  9.408669E+02  4.088858E+06  8.677922E+07  1.741261E+09  5.547909E+13  2.540818E+12  4.453856E+13  1.879766E+11  2.428134E+12  1.387914E+11  5.126416E+09  3.047218E+12  1.512957E+07  6.842397E+08  6.205339E+09
  2.045704E+08  2.235824E+05  1.929609E+03  1.412418E+18  1.202163E+17  1.633530E+15  9.903545E+02  4.253869E+06  9.013122E+07  1.794330E+09  5.584615E+13  2.597152E+12  4.483043E+13  1.920670E+11  2.444225E+12  1.395697E+11  5.325407E+09  3.068439E+12  1.523300E+07  6.981399E+08  6.276976E+09
  2.046856E+08  2.244120E+05  1.930723E+03  1.416823E+18  1.205912E+17  1.648997E+15  1.014448E+03  4.333486E+06  9.174551E+07  1.819777E+09  5.601927E+13  2.622915E+12  4.496799E+13  1.940135E+11  2.451815E+12  1.399361E+11  5.419035E+09  3.078436E+12  1.528178E+07  7.047774E+08  6.310838E+09
  2.049159E+08  2.260805E+05  1.932950E+03  1.425673E+18  1.213444E+17  1.680326E+15  1.064349E+03  4.496952E+06  9.505384E+07  1.871719E+09  5.636722E+13  2.672892E+12  4.524396E+13  1.979570E+11  2.467066E+12  1.406708E+11  5.606051E+09  3.098488E+12  1.537977E+07  7.182738E+08  6.379012E+09
  2.049788E+08  2.265384E+05  1.933558E+03  1.428100E+18  1.215510E+17  1.688976E+15  1.078389E+03  4.542607E+06  9.597633E+07  1.886155E+09  5.646261E+13  2.686146E+12  4.531959E+13  1.990461E+11  2.471249E+12  1.408720E+11  5.656971E+09  3.103979E+12  1.540663E+07  7.220131E+08  6.397740E+09
  2.051046E+08  2.274571E+05  1.934775E+03  1.432967E+18  1.219653E+17  1.706397E+15  1.107011E+03  4.635230E+06  9.784586E+07  1.915353E+09  5.665385E+13  2.712084E+12  4.547101E+13  2.012395E+11  2.479635E+12  1.412748E+11  5.758436E+09  3.114981E+12  1.546049E+07  7.295612E+08  6.435336E+09
  2.053562E+08  2.293056E+05  1.937209E+03  1.442751E+18  1.227980E+17  1.741723E+15  1.166483E+03  4.825844E+06  1.016849E+08  1.975068E+09  5.703847E+13  2.761430E+12  4.577505E+13  2.056883E+11  2.496492E+12  1.420827E+11  5.958989E+09  3.137028E+12  1.556871E+07  7.449420E+08  6.511080E+09
  2.056067E+08  2.311604E+05  1.939632E+03  1.452555E+18  1.236325E+17  1.777535E+15  1.228758E+03  5.022892E+06  1.056414E+08  2.036305E+09  5.742381E+13  2.806702E+12  4.607899E+13  2.101993E+11  2.513383E+12  1.428897E+11  6.153882E+09  3.159037E+12  1.567712E+07  7.606431E+08  6.587226E+09
  2.059547E+08  2.336382E+05  1.942535E+03  1.465974E+18  1.247746E+17  1.822308E+15  1.309157E+03  5.271890E+06  1.105603E+08  2.114508E+09  5.795120E+13  2.850849E+12  4.648753E+13  2.157311E+11  2.536508E+12  1.440224E+11  6.377422E+09  3.188784E+12  1.582467E+07  7.805516E+08  6.686892E+09
  2.063879E+08  2.367515E+05  1.946119E+03  1.482831E+18  1.262094E+17  1.879051E+15  1.415649E+03  5.595546E+06  1.169136E+08  2.215376E+09  5.861379E+13  2.892414E+12  4.700719E+13  2.227301E+11  2.565554E+12  1.454422E+11  6.627260E+09  3.225893E+12  1.600987E+07  8.061050E+08  6.812397E+09
  2.068211E+08  2.399063E+05  1.949702E+03  1.499882E+18  1.276606E+17  1.937382E+15  1.530639E+03  5.937892E+06  1.235895E+08  2.321050E+09  5.928391E+13  2.917295E+12  4.753060E+13  2.299202E+11  2.594931E+12  1.468726E+11  6.836970E+09  3.263050E+12  1.619708E+07  8.327707E+08  6.940115E+09
  2.069194E+08  2.406280E+05  1.950516E+03  1.503778E+18  1.279923E+17  1.950844E+15  1.557986E+03  6.018283E+06  1.251505E+08  2.345727E+09  5.943701E+13  2.920289E+12  4.764983E+13  2.315788E+11  2.601643E+12  1.471987E+11  6.877523E+09  3.271480E+12  1.623985E+07  8.389855E+08  6.969415E+09
  2.071160E+08  2.420779E+05  1.952142E+03  1.511601E+18  1.286581E+17  1.978020E+15  1.614135E+03  6.182155E+06  1.283246E+08  2.395878E+09  5.974443E+13  2.923027E+12  4.788893E+13  2.349262E+11  2.615120E+12  1.478525E+11  6.949420E+09  3.288334E+12  1.632570E+07  8.516052E+08  7.028373E+09
  2.075092E+08  2.450041E+05  1.955395E+03  1.527370E+18  1.300002E+17  2.033399E+15  1.732503E+03  6.522615E+06  1.348849E+08  2.499474E+09  6.036404E+13  2.914163E+12  4.836919E+13  2.417430E+11  2.642281E+12  1.491665E+11  7.050170E+09  3.321982E+12  1.649867E+07  8.776405E+08  7.147764E+09
  2.079424E+08  2.482688E+05  1.958979E+03  1.544933E+18  1.314951E+17  2.096025E+15  1.872905E+03  6.918156E+06  1.424467E+08  2.618941E+09  6.105404E+13  2.878235E+12  4.890123E+13  2.494440E+11  2.672530E+12  1.506243E+11  7.076479E+09  3.358900E+12  1.669122E+07  9.076562E+08  7.281678E+09
  2.082874E+08  2.508998E+05  1.961833E+03  1.559063E+18  1.326978E+17  2.147135E+15  1.992891E+03  7.249227E+06  1.487176E+08  2.718439E+09  6.160911E+13  2.822365E+12  4.932540E+13  2.557208E+11  2.696864E+12  1.517928E+11  6.867742E+09  3.385130E+12  1.684605E+07  9.327474E+08  7.390364E+09
  2.084692E+08  2.522976E+05  1.963337E+03  1.566562E+18  1.333361E+17  2.174521E+15  2.059187E+03  7.429672E+06  1.521160E+08  2.772455E+09  6.190368E+13  2.784224E+12  4.954969E+13  2.590814E+11  2.709777E+12  1.524114E+11  6.695684E+09  3.398731E+12  1.692819E+07  9.463746E+08  7.448329E+09
  2.085117E+08  2.526253E+05  1.963688E+03  1.568319E+18  1.334856E+17  2.180963E+15  2.074982E+03  7.472426E+06  1.529197E+08  2.785226E+09  6.197268E+13  2.775677E+12  4.960212E+13  2.598719E+11  2.712802E+12  1.525561E+11  6.607954E+09  3.400957E+12  1.694743E+07  9.495709E+08  7.461928E+09
  2.085966E+08  2.532818E+05  1.964391E+03  1.571839E+18  1.337852E+17  2.193899E+15  2.106830E+03  7.558633E+06  1.545455E+08  2.810821E+09  6.211092E+13  2.761650E+12  4.970859E+13  2.614601E+11  2.718863E+12  1.528459E+11  6.563291E+09  3.408450E+12  1.698599E+07  9.559140E+08  7.489036E+09
  2.087665E+08  2.546000E+05  1.965796E+03  1.578902E+18  1.343864E+17  2.219978E+15  2.171623E+03  7.733869E+06  1.578687E+08  2.862300E+09  6.238840E+13  2.753083E+12  4.992612E+13  2.646665E+11  2.731024E+12  1.534269E+11  6.502458E+09  3.423496E+12  1.706339E+07  9.682497E+08  7.542984E+09
  2.091063E+08  2.572569E+05  1.968607E+03  1.593123E+18  1.355968E+17  2.272975E+15  2.306146E+03  8.095903E+06  1.647763E+08  2.966926E+09  6.294711E+13  2.785138E+12  5.037344E+13  2.711931E+11  2.755510E+12  1.545939E+11  6.576705E+09  3.453865E+12  1.721931E+07  9.921826E+08  7.650513E+09
  2.092666E+08  2.585200E+05  1.969933E+03  1.599877E+18  1.361716E+17  2.298370E+15  2.372291E+03  8.272190E+06  1.681361E+08  3.017454E+09  6.321240E+13  2.804281E+12  5.058642E+13  2.743208E+11  2.767137E+12  1.551468E+11  6.602450E+09  3.467549E+12  1.729334E+07  1.003563E+09  7.701558E+09
  2.095871E+08  2.610647E+05  1.972585E+03  1.613470E+18  1.373285E+17  2.349929E+15  2.510035E+03  8.635686E+06  1.750518E+08  3.120893E+09  6.374638E+13  2.843944E+12  5.101589E+13  2.806698E+11  2.790537E+12  1.562569E+11  6.735922E+09  3.496783E+12  1.744232E+07  1.026644E+09  7.804356E+09
  2.097127E+08  2.620684E+05  1.973624E+03  1.618826E+18  1.377844E+17  2.370410E+15  2.566061E+03  8.782153E+06  1.778328E+08  3.162316E+09  6.395680E+13  2.859616E+12  5.118515E+13  2.831913E+11  2.799758E+12  1.566934E+11  6.789539E+09  3.508313E+12  1.750101E+07  1.035812E+09  7.844909E+09
  2.097382E+08  2.622728E+05  1.973835E+03  1.619917E+18  1.378773E+17  2.374591E+15  2.577590E+03  8.812197E+06  1.784028E+08  3.170795E+09  6.399963E+13  2.862809E+12  5.121960E+13  2.837060E+11  2.801635E+12  1.567822E+11  6.800521E+09  3.510661E+12  1.751296E+07  1.037684E+09  7.853169E+09
  2.097438E+08  2.623176E+05  1.973881E+03  1.620156E+18  1.378976E+17  2.375508E+15  2.580122E+03  8.818792E+06  1.785279E+08  3.172656E+09  6.400904E+13  2.863508E+12  5.122718E+13  2.838189E+11  2.802046E+12  1.568016E+11  6.802929E+09  3.511176E+12  1.751558E+07  1.038094E+09  7.854978E+09
  2.097550E+08  2.624072E+05  1.973974E+03  1.620634E+18  1.379383E+17  2.377343E+15  2.585195E+03  8.831996E+06  1.787783E+08  3.176379E+09  6.402777E+13  2.864909E+12  5.124222E+13  2.840447E+11  2.802869E+12  1.568406E+11  6.807755E+09  3.512205E+12  1.752082E+07  1.038916E+09  7.858601E+09
  2.097611E+08  2.624563E+05  1.974024E+03  1.620896E+18  1.379606E+17  2.378347E+15  2.587975E+03  8.839232E+06  1.789156E+08  3.178420E+09  6.403809E+13  2.865675E+12  5.125054E+13  2.841684E+11  2.803320E+12  1.568619E+11  6.810396E+09  3.512769E+12  1.752369E+07  1.039366E+09  7.860584E+09
  2.097623E+08  2.624655E+05  1.974034E+03  1.620945E+18  1.379648E+17  2.378536E+15  2.588497E+03  8.840591E+06  1.789414E+08  3.178803E+09  6.404001E+13  2.865819E+12  5.125208E+13  2.841916E+11  2.803405E+12  1.568659E+11  6.810893E+09  3.512875E+12  1.752423E+07  1.039450E+09  7.860956E+09
  2.097623E+08  2.624655E+05  1.974034E+03  1.620945E+18  1.379648E+17  2.378537E+15  2.588499E+03  8.840595E+06  1.789415E+08  3.178804E+09  6.404002E+13  2.865820E+12  5.125209E+13  2.841917E+11  2.803405E+12  1.568659E+11  6.810894E+09  3.512875E+12  1.752423E+07  1.039450E+09  7.860957E+09
  2.097623E+08  2.624656E+05  1.974034E+03  1.620945E+18  1.379648E+17  2.378537E+15  2.588500E+03  8.840598E+06  1.789415E+08  3.178805E+09  6.404002E+13  2.865820E+12  5.125209E+13  2.841917E+11  2.803405E+12  1.568659E+11  6.810895E+09  3.512875E+12  1.752423E+07  1.039450E+09  7.860958E+09
  2.097623E+08  2.624656E+05  1.974034E+03  1.620945E+18  1.379648E+17  2.378537E+15  2.588500E+03  8.840598E+06  1.789415E+08  3.178805E+09  6.404002E+13  2.865820E+12  5.125209E+13  2.841917E+11  2.803405E+12  1.568659E+11  6.810895E+09  3.512875E+12  1.752423E+07  1.039450E+09  7.860958E+09
  2.101955E+08  2.659630E+05  1.977618E+03  1.639584E+18  1.395512E+17  2.450649E+15  2.792845E+03  9.367316E+06  1.889098E+08  3.326446E+09  6.477211E+13  2.920288E+12  5.184084E+13  2.930667E+11  2.835486E+12  1.583798E+11  6.934041E+09  3.551624E+12  1.772842E+07  1.071742E+09  8.002332E+09
  2.110619E+08  2.730982E+05  1.984785E+03  1.677507E+18  1.427790E+17  2.600812E+15  3.248834E+03  1.051080E+07  2.104255E+08  3.641175E+09  6.626140E+13  3.032309E+12  5.303982E+13  3.115338E+11  2.900747E+12  1.614399E+11  7.363604E+09  3.633978E+12  1.814365E+07  1.138977E+09  8.290765E+09
  2.127947E+08  2.879481E+05  1.999120E+03  1.756005E+18  1.494602E+17  2.926252E+15  4.384254E+03  1.320396E+07  2.604760E+08  4.356482E+09  6.934306E+13  3.262608E+12  5.552161E+13  3.514825E+11  3.035773E+12  1.676895E+11  8.295543E+09  3.804415E+12  1.900225E+07  1.284813E+09  8.891381E+09
  2.162604E+08  3.201143E+05  2.027791E+03  1.924192E+18  1.637753E+17  3.689352E+15  7.899084E+03  2.065596E+07  3.954897E+08  6.201186E+09  7.594108E+13  3.748724E+12  6.083895E+13  4.446870E+11  3.324812E+12  1.807082E+11  1.048500E+10  4.169460E+12  2.083823E+07  1.627168E+09  1.019218E+10
  2.208368E+08  3.663752E+05  2.058869E+03  2.169206E+18  1.846294E+17  4.764053E+15  1.503056E+04  3.347297E+07  6.137106E+08  9.206278E+09  8.554601E+13  4.392614E+12  6.858510E+13  5.699804E+11  3.745661E+12  1.999923E+11  1.371501E+10  4.700440E+12  2.349556E+07  2.108652E+09  1.200921E+10
  2.254132E+08  4.189295E+05  2.088643E+03  2.444983E+18  2.081018E+17  6.067373E+15  2.757004E+04  5.265598E+07  9.234148E+08  1.340453E+10  9.634386E+13  5.098043E+12  7.730364E+13  7.177017E+11  4.218756E+12  2.212326E+11  1.772274E+10  5.297668E+12  2.647774E+07  2.692256E+09  1.406303E+10
  2.299897E+08  4.785234E+05  2.116414E+03  2.755835E+18  2.345596E+17  7.597772E+15  4.834358E+04  7.986644E+07  1.337659E+09  1.905901E+10  1.085001E+14  5.869579E+12  8.713084E+13  8.848200E+11  4.751421E+12  2.449263E+11  2.257950E+10  5.970309E+12  2.982864E+07  3.376656E+09  1.637146E+10
  2.345661E+08  5.448488E+05  2.138038E+03  3.106257E+18  2.643853E+17  9.145573E+15  7.626708E+04  1.112217E+08  1.773111E+09  2.562987E+10  1.221906E+14  6.686411E+12  9.820882E+13  1.040452E+12  5.351845E+12  2.727412E+11  2.790634E+10  6.727598E+12  3.358819E+07  4.066725E+09  1.888496E+10
  2.391425E+08  6.203672E+05  2.159663E+03  3.501237E+18  2.980036E+17  1.098076E+16  1.195150E+05  1.540432E+08  2.336953E+09  3.434360E+10  1.375997E+14  7.603596E+12  1.106951E+14  1.219518E+12  6.027812E+12  3.036493E+11  3.439313E+10  7.580662E+12  3.781678E+07  4.884208E+09  2.174855E+10
  2.437189E+08  7.051643E+05  2.177689E+03  3.946798E+18  3.359270E+17  1.289349E+16  1.764311E+05  2.032994E+08  2.929297E+09  4.459506E+10  1.549606E+14  8.604338E+12  1.247801E+14  1.392224E+12  6.790135E+12  3.394392E+11  4.167713E+10  8.541987E+12  4.256973E+07  5.734242E+09  2.493010E+10
  2.482954E+08  8.005271E+05  2.192980E+03  4.449366E+18  3.787024E+17  1.489114E+16  2.491667E+05  2.588710E+08  3.537606E+09  5.657134E+10  1.745167E+14  9.704456E+12  1.406669E+14  1.558785E+12  7.649733E+12  3.807032E+11  4.988088E+10  9.625254E+12  4.791268E+07  6.620173E+09  2.848428E+10
  2.528718E+08  9.087864E+05  2.208271E+03  5.015928E+18  4.269247E+17  1.717809E+16  3.507951E+05  3.287985E+08  4.260974E+09  7.164520E+10  1.965269E+14  1.093907E+13  1.585762E+14  1.742834E+12  8.617834E+12  4.270460E+11  5.961863E+10  1.084553E+13  5.392049E+07  7.633574E+09  3.252302E+10
  2.574482E+08  1.030208E+06  2.222198E+03  5.650572E+18  4.809417E+17  1.964360E+16  4.825528E+05  4.099555E+08  5.036387E+09  8.960244E+10  2.211421E+14  1.230193E+13  1.786369E+14  1.929338E+12  9.701576E+12  4.794794E+11  7.075226E+10  1.221116E+13  6.062900E+07  8.724557E+09  3.704481E+10
  2.620246E+08  1.167504E+06  2.235842E+03  6.364565E+18  5.417123E+17  2.240695E+16  6.594202E+05  5.084363E+08  5.920604E+09  1.116613E+11  2.487851E+14  1.382344E+13  2.012052E+14  2.129642E+12  1.091969E+13  5.385229E+11  8.377381E+10  1.374616E+13  6.815379E+07  9.946196E+09  4.215867E+10
  2.666011E+08  1.322890E+06  2.249809E+03  7.166674E+18  6.099829E+17  2.557556E+16  9.027924E+05  6.315662E+08  6.972474E+09  1.392661E+11  2.797779E+14  1.552673E+13  2.265578E+14  2.352770E+12  1.228653E+13  6.045112E+11  9.917274E+10  1.546904E+13  7.658253E+07  1.134605E+10  4.795296E+10
  2.711775E+08  1.494500E+06  2.269882E+03  8.025313E+18  6.830649E+17  3.000512E+16  1.333120E+06  8.352720E+08  8.788606E+09  1.802802E+11  3.128585E+14  1.742978E+13  2.536954E+14  2.691268E+12  1.374451E+13  6.697703E+11  1.191177E+11  1.731259E+13  8.559856E+07  1.330545E+10  5.443766E+10
  2.757539E+08  1.688372E+06  2.289954E+03  8.986826E+18  7.649029E+17  3.513755E+16  1.959067E+06  1.100339E+09  1.103246E+10  2.327711E+11  3.498171E+14  1.955014E+13  2.840829E+14  3.071603E+12  1.537453E+13  7.420930E+11  1.427579E+11  1.937488E+13  9.566338E+07  1.557312E+10  6.174414E+10
  2.803303E+08  1.905920E+06  2.312270E+03  1.004673E+19  8.551151E+17  4.149470E+16  2.946463E+06  1.477583E+09  1.413965E+10  3.039840E+11  3.904430E+14  2.191277E+13  3.175777E+14  3.542538E+12  1.716633E+13  8.184779E+11  1.716697E+11  2.164607E+13  1.067307E+08  1.837966E+10  6.994613E+10
  2.849068E+08  2.144877E+06  2.343536E+03  1.115703E+19  9.496173E+17  5.086695E+16  4.911209E+06  2.159859E+09  1.985822E+10  4.177041E+11  4.328199E+14  2.452925E+13  3.526612E+14  4.278279E+12  1.902994E+13  8.857408E+11  2.102324E+11  2.402376E+13  1.183202E+08  2.251489E+10  7.900517E+10
  2.894832E+08  2.413795E+06  2.374801E+03  1.239004E+19  1.054563E+18  6.210444E+16  8.099168E+06  3.129904E+09  2.763870E+10  5.706970E+11  4.797393E+14  2.741278E+13  3.916190E+14  5.138842E+12  2.109221E+13  9.576466E+11  2.561595E+11  2.666040E+13  1.311419E+08  2.746215E+10  8.908917E+10
  2.940596E+08  2.712530E+06  2.409838E+03  1.372081E+19  1.167830E+18  7.671882E+16  1.380081E+07  4.660472E+09  3.962321E+10  7.921154E+11  5.301771E+14  3.057241E+13  4.336606E+14  6.257845E+12  2.330268E+13  1.025670E+12  3.129245E+11  2.950188E+13  1.449378E+08  3.388145E+10  1.001877E+11
  2.986360E+08  3.035676E+06  2.455725E+03  1.507253E+19  1.282881E+18  9.849293E+16  2.616655E+07  7.580966E+09  6.251944E+10  1.158263E+12  5.810953E+14  3.395610E+13  4.763552E+14  7.972337E+12  2.551061E+13  1.068931E+12  3.874232E+11  3.238256E+13  1.589153E+08  4.341605E+10  1.120218E+11
  3.032125E+08  3.397317E+06  2.501612E+03  1.655743E+19  1.409266E+18  1.254893E+17  4.862876E+07  1.213294E+10  9.699415E+10  1.675431E+12  6.368155E+14  3.762755E+13  5.232497E+14  1.004476E+13  2.791223E+13  1.110487E+12  4.749898E+11  3.553908E+13  1.741756E+08  5.519268E+10  1.249532E+11
  3.077889E+08  3.798197E+06  2.546665E+03  1.817907E+19  1.547290E+18  1.581654E+17  8.783132E+07  1.897820E+10  1.469800E+11  2.386056E+12  6.974293E+14  4.158938E+13  5.744560E+14  1.247970E+13  3.050791E+13  1.151550E+12  5.756549E+11  3.897703E+13  1.907319E+08  6.939392E+10  1.389888E+11
  3.123653E+08  4.225450E+06  2.587641E+03  1.990848E+19  1.694486E+18  1.946815E+17  1.490022E+08  2.824485E+10  2.118024E+11  3.283150E+12  7.618455E+14  4.574241E+13  6.290590E+14  1.509951E+13  3.325524E+13  1.196873E+12  6.846121E+11  4.263404E+13  2.082749E+08  8.521062E+10  1.537983E+11
  3.169417E+08  4.700764E+06  2.628618E+03  2.180241E+19  1.855686E+18  2.383886E+17  2.493441E+08  4.157326E+10  3.017266E+11  4.483440E+12  8.320910E+14  5.026284E+13  6.888474E+14  1.814147E+13  3.622995E+13  1.242726E+12  8.088220E+11  4.662728E+13  2.273565E+08  1.040800E+11  1.699806E+11
  3.215182E+08  5.229545E+06  2.669595E+03  2.387652E+19  2.032221E+18  2.904668E+17  4.118487E+08  6.054799E+10  4.251472E+11  6.077988E+12  9.086754E+14  5.518614E+13  7.543128E+14  2.165359E+13  3.944771E+13  1.289546E+12  9.496343E+11  5.098654E+13  2.481010E+08  1.264907E+11  1.876685E+11
  3.260946E+08  5.808227E+06  2.660960E+03  2.660449E+19  2.264410E+18  2.971654E+17  4.213040E+08  5.965075E+10  3.958146E+11  6.471598E+12  1.010211E+15  6.074359E+13  8.404615E+14  2.145040E+13  4.404067E+13  1.502854E+12  1.042833E+12  5.675533E+13  2.756695E+08  1.294771E+11  2.087715E+11
  3.306710E+08  6.449886E+06  2.647392E+03  2.969520E+19  2.527472E+18  2.986938E+17  4.106475E+08  5.649653E+10  3.534592E+11  6.724902E+12  1.124995E+15  6.682014E+13  9.380658E+14  2.079740E+13  4.926883E+13  1.766248E+12  1.137234E+12  6.328325E+13  3.067395E+08  1.302424E+11  2.324107E+11
  3.352474E+08  7.162433E+06  2.633825E+03  3.314497E+19  2.821095E+18  3.000558E+17  3.996774E+08  5.344707E+10  3.152795E+11  6.982750E+12  1.252693E+15  7.343148E+13  1.047004E+15  2.009726E+13  5.509241E+13  2.068977E+12  1.239341E+12  7.055495E+13  3.411763E+08  1.309240E+11  2.586979E+11
  3.398239E+08  7.970838E+06  2.604057E+03  3.731432E+19  3.175963E+18  2.843890E+17  3.314677E+08  4.433596E+10  2.443374E+11  6.696834E+12  1.407066E+15  8.075988E+13  1.178685E+15  1.809499E+13  6.221301E+13  2.501545E+12  1.321286E+12  7.933672E+13  3.824728E+08  1.242580E+11  2.893685E+11
  3.444003E+08  8.883616E+06  2.563159E+03  4.225651E+19  3.596612E+18  2.579766E+17  2.437943E+08  3.333057E+10  1.704909E+11  6.048414E+12  1.589956E+15  8.862575E+13  1.334791E+15  1.536920E+13  7.067187E+13  3.067580E+12  1.380890E+12  8.972380E+13  4.308185E+08  1.128890E+11  3.244796E+11
  3.489767E+08  9.900920E+06  2.522260E+03  4.785329E+19  4.072976E+18  2.327534E+17  1.767848E+08  2.477292E+10  1.175839E+11  5.421521E+12  1.796539E+15  9.679899E+13  1.511576E+15  1.287329E+13  8.019662E+13  3.719715E+12  1.433384E+12  1.014467E+14  4.847898E+08  1.019497E+11  3.633697E+11
  3.535531E+08  1.105927E+07  2.481111E+03  5.433528E+19  4.624682E+18  2.088677E+17  1.262660E+08  1.817525E+10  7.991847E+10  4.826710E+12  2.035126E+15  1.053438E+14  1.716323E+15  1.062551E+13  9.117069E+13  4.477487E+12  1.480206E+12  1.149722E+14  5.463423E+08  9.151217E+10  4.073435E+11
  3.581296E+08  1.239665E+07  2.439565E+03  6.195475E+19  5.273204E+18  1.863810E+17  8.871002E+07  1.314348E+10  5.340966E+10  4.268373E+12  2.314724E+15  1.141912E+14  1.957000E+15  8.635928E+12  1.040112E+14  5.363234E+12  1.521604E+12  1.308019E+14  6.174743E+08  8.160957E+10  4.576646E+11
  3.627060E+08  1.389576E+07  2.398019E+03  7.064270E+19  6.012669E+18  1.652547E+17  6.125840E+07  9.375578E+09  3.520350E+10  3.740497E+12  2.632603E+15  1.226639E+14  2.231433E+15  6.923245E+12  1.185985E+14  6.366984E+12  1.551216E+12  1.487590E+14  6.970083E+08  7.223588E+10  5.130995E+11
  3.672824E+08  1.560239E+07  2.361854E+03  8.051908E+19  6.853285E+18  1.492510E+17  4.444425E+07  6.962493E+09  2.420812E+10  3.363172E+12  2.992248E+15  1.310644E+14  2.543387E+15  5.654042E+12  1.351035E+14  7.474930E+12  1.592264E+12  1.690617E+14  7.857981E+08  6.506382E+10  5.751095E+11
  3.718588E+08  1.757534E+07  2.336021E+03  9.171084E+19  7.805858E+18  1.408899E+17  3.630100E+07  5.691988E+09  1.840793E+10  3.216468E+12  3.396872E+15  1.403876E+14  2.896838E+15  4.869931E+12  1.537055E+14  8.678254E+12  1.674887E+12  1.919568E+14  8.850654E+08  6.123113E+10  6.463298E+11
  3.764353E+08  1.979777E+07  2.310187E+03  1.044582E+20  8.890835E+18  1.326248E+17  2.939544E+07  4.624894E+09  1.392052E+10  3.062305E+12  3.855704E+15  1.491828E+14  3.299409E+15  4.170754E+12  1.748352E+14  1.004374E+13  1.754669E+12  2.178708E+14  9.957505E+08  5.741955E+10  7.253963E+11
  3.810117E+08  2.233134E+07  2.288370E+03  1.189426E+20  1.012366E+19  1.270002E+17  2.489085E+07  3.899918E+09  1.095288E+10  2.984123E+12  4.373806E+15  1.582082E+14  3.756799E+15  3.645997E+12  1.987548E+14  1.157220E+13  1.854639E+12  2.471355E+14  1.119200E+09  5.475962E+10  8.147168E+11
  3.855881E+08  2.523541E+07  2.272014E+03  1.353816E+20  1.152284E+19  1.247576E+17  2.253600E+07  3.475543E+09  9.139085E+09  3.011135E+12  4.957370E+15  1.682402E+14  4.275848E+15  3.291375E+12  2.257880E+14  1.327865E+13  1.989866E+12  2.801565E+14  1.257055E+09  5.358283E+10  9.168457E+11
  3.901645E+08  2.851714E+07  2.255658E+03  1.540925E+20  1.311540E+19  1.224051E+17  2.028384E+07  3.088641E+09  7.616653E+09  3.028891E+12  5.617648E+15  1.778161E+14  4.866604E+15  2.964355E+12  2.564590E+14  1.521694E+13  2.128963E+12  3.174499E+14  1.410308E+09  5.234786E+10  1.030746E+12
  3.947410E+08  3.226242E+07  2.243507E+03  1.752715E+20  1.491803E+19  1.225722E+17  1.923587E+07  2.869189E+09  6.660515E+09  3.130190E+12  6.358800E+15  1.885570E+14  5.535195E+15  2.741554E+12  2.910243E+14  1.738749E+13  2.304358E+12  3.593751E+14  1.580686E+09  5.221630E+10  1.160364E+12
  3.993174E+08  3.652964E+07  2.234393E+03  1.992646E+20  1.696016E+19  1.246010E+17  1.893429E+07  2.753673E+09  6.038874E+09  3.297752E+12  7.191199E+15  2.004728E+14  6.292524E+15  2.586063E+12  3.300089E+14  1.982783E+13  2.514542E+12  4.065203E+14  1.770048E+09  5.289509E+10  1.307513E+12
  4.038938E+08  4.136127E+07  2.225279E+03  2.265420E+20  1.928185E+19  1.266125E+17  1.852991E+07  2.639820E+09  5.484676E+09  3.463682E+12  8.130257E+15  2.122557E+14  7.153451E+15  2.437971E+12  3.741521E+14  2.259677E+13  2.736215E+12  4.596044E+14  1.979897E+09  5.355639E+10  1.471926E+12
  4.084702E+08  4.685647E+07  2.223722E+03  2.568185E+20  2.185880E+19  1.336996E+17  2.008006E+07  2.754061E+09  5.453371E+09  3.832442E+12  9.159364E+15  2.284497E+14  8.108787E+15  2.421674E+12  4.228439E+14  2.562597E+13  3.049356E+12  5.182279E+14  2.210878E+09  5.643511E+10  1.661453E+12
  4.130467E+08  5.308946E+07  2.224261E+03  2.909108E+20  2.476052E+19  1.427061E+17  2.231231E+07  2.941218E+09  5.570723E+09  4.295120E+12  1.030567E+16  2.468032E+14  9.184326E+15  2.441260E+12  4.773771E+14  2.901753E+13  3.415968E+12  5.837074E+14  2.466276E+09  6.013808E+10  1.876051E+12
  4.176231E+08  6.015157E+07  2.224800E+03  3.295287E+20  2.804744E+19  1.523187E+17  2.465617E+07  3.140021E+09  5.706677E+09  4.800311E+12  1.159091E+16  2.661390E+14  1.040246E+16  2.461595E+12  5.388294E+14  3.284901E+13  3.817175E+12  6.571095E+14  2.748691E+09  6.408758E+10  2.116825E+12
  4.221995E+08  6.811679E+07  2.231097E+03  3.721141E+20  3.167205E+19  1.673466E+17  2.944020E+07  3.574109E+09  6.261409E+09  5.579593E+12  1.298679E+16  2.912011E+14  1.174529E+16  2.583622E+12  6.060992E+14  3.702396E+13  4.342810E+12  7.376345E+14  3.057858E+09  7.038613E+10  2.392127E+12
  4.267759E+08  7.713676E+07  2.237394E+03  4.202028E+20  3.576506E+19  1.838222E+17  3.495018E+07  4.065040E+09  6.884364E+09  6.467391E+12  1.454407E+16  3.182052E+14  1.326135E+16  2.711699E+12  6.815998E+14  4.172097E+13  4.929350E+12  8.276009E+14  3.399086E+09  7.729269E+10  2.701499E+12
  4.313524E+08  8.729125E+07  2.250046E+03  4.728771E+20  4.024837E+19  2.083095E+17  4.522906E+07  4.954480E+09  8.139029E+09  7.831048E+12  1.621854E+16  3.535702E+14  1.492123E+16  2.971589E+12  7.635709E+14  4.679228E+13  5.710992E+12  9.258255E+14  3.772171E+09  8.767269E+10  3.056724E+12
  4.359288E+08  9.852017E+07  2.287337E+03  5.251067E+20  4.469383E+19  2.655150E+17  8.262486E+07  7.851401E+09  1.255104E+10  1.127676E+13  1.781138E+16  4.180279E+14  1.656488E+16  3.829078E+12  8.433499E+14  5.154444E+13  7.188736E+12  1.025576E+15  4.168298E+09  1.123287E+11  3.485188E+12
  4.405052E+08  1.111936E+08  2.324628E+03  5.831052E+20  4.963030E+19  3.363483E+17  1.482346E+08  1.227452E+10  1.910525E+10  1.608191E+13  1.954783E+16  4.888216E+14  1.838905E+16  4.892732E+12  9.311198E+14  5.673874E+13  8.977707E+12  1.135259E+15  4.600316E+09  1.429203E+11  3.961309E+12
  4.450816E+08  1.251600E+08  2.373869E+03  6.428740E+20  5.471745E+19  4.463297E+17  3.056529E+08  2.131183E+10  3.234027E+10  2.456103E+13  2.127177E+16  5.781187E+14  2.026632E+16  6.667521E+12  1.019974E+15  6.179054E+13  1.151464E+13  1.248610E+15  5.055286E+09  1.906079E+11  4.493031E+12
  4.496580E+08  1.401237E+08  2.447040E+03  6.986441E+20  5.946426E+19  6.473782E+17  8.230348E+08  4.527645E+10  6.714854E+10  4.275962E+13  2.277180E+16  6.949762E+14  2.201283E+16  1.027568E+13  1.100158E+15  6.579158E+13  1.546848E+13  1.355199E+15  5.505482E+09  2.780338E+11  5.064597E+12
  4.542345E+08  1.568763E+08  2.520211E+03  7.592522E+20  6.462285E+19  9.209077E+17  2.093657E+09  9.222804E+10  1.338516E+11  7.217952E+13  2.436064E+16  8.142412E+14  2.390826E+16  1.541418E+13  1.185955E+15  6.980042E+13  2.020682E+13  1.468064E+15  5.979425E+09  3.967583E+11  5.663269E+12
  4.588109E+08  1.756318E+08  2.593382E+03  8.251182E+20  7.022895E+19  1.286889E+18  5.057600E+09  1.807672E+11  2.570141E+11  1.184013E+14  2.604207E+16  9.368897E+14  2.596505E+16  2.255634E+13  1.277639E+15  7.377543E+13  2.573100E+13  1.587845E+15  6.480470E+09  5.551111E+11  6.294317E+12
